0.0	7.96418238926	2.08106062432	1.13575034073	0.0	1.50245445074	1.48910044673	0.0	4.38948131684	0.0	0.0	0.0	0.0	1.43797043139	0.0	0.0	0.0	0.0	0.0	0.0
0.0	0.0	11.041821	0.0	0.0	0.6543978	0.0	0.0	4.55091	0.6459054	0.0	0.0	1.931454	0.0	0.7729218	1.40259	0.0	0.0	0.0	0.0	0.0
0.0	0.0	1.53633449273	0.741798051641	0.0	0.0	0.0	0.0	1.64452827109	0.832376433524	0.0	0.830867233827	0.0	0.823402635319	4.0534551893	8.42536031493	3.11187737762	0.0	0.0	0.0	0.0	0.0
0.0	0.0	4.17956367802	0.0	1.21384216818	1.0436351184	0.722667535948	0.961387046021	0.655302776668	1.00944098831	0.234979706782	1.99436855504	2.19561413214	0.0	2.31833304012	3.4705650541	0.0	0.225202858179	1.1611307218	1.61396662029	0.0	0.0	0.0
0.0	0.0	4.69259863915	1.41053239095	0.792568570154	0.215567937485	0.225571854584	0.112717167312	0.0	0.212424658397	0.0	0.76717177752	1.64567232276	0.268384722168	0.00719951791214	1.49784676562	0.32568950555	0.0	0.262742323805	1.00540290843	10.5579089382	0.0	0.0	0.0
0.0	0.0	2.81662502817	0.0	1.19378751194	0.475680004757	0.237449752375	0.237190252372	4.49672504498	0.550172505502	1.13387751134	0.811247508113	5.02750005028	0.513200005132	0.662452506625	2.49835252498	0.0	0.212137252121	2.17603502176	1.10910251109	0.848465008485	0.0	0.0	0.0	0.0
0.0	0.0	5.63084645048	2.0899711672	0.222162737773	1.3587107087	0.0	0.42074503366	0.713393257073	3.09524824762	0.818355265468	0.337760827022	1.12637989011	0.315528225243	0.0	1.16860129349	0.0	0.0	0.924653673973	2.18302777464	0.336765026941	5.25785042063	0.0	0.0	0.0	0.0
0.0	0.0	5.82559960186	0.51466037648	1.20253111139	0.275372933909	0.21066528944	0.210549459468	0.695703433032	0.863691992713	0.0	1.52383643428	3.45734917024	0.471265986897	2.85227931544	5.03533679151	0.154954312811	0.23237382423	0.326097821738	0.0	0.0	2.42756941738	0.720162727162	0.0	0.0	0.0	0.0
0.0	0.0	4.75009189508	2.86143434637	0.0	1.66283456352	0.0	0.699810173843	4.1814674288	5.32650036772	0.313547057107	1.42754197058	0.0	0.0	0.17635394461	2.72706223619	0.294465041461	0.0	0.0	0.162535373279	0.0	0.888197128322	0.0	0.0	0.600516492425	1.92764198067	0.0	0.0
7.54533192553	1.40660364043	3.56981107231	0.562996995981	0.239189260838	1.42614672988	0.0	0.0	2.74286781885	2.04800789408	0.659308843973	2.38980170951	2.55886581821	0.0	1.23762943168	1.42724292929	0.202644060572	0.0	0.0	0.0	0.386563991255	0.596987877627	0.0	0.0	0.0	0.0	0.0	0.0	0.0
1.12795302644	2.12720293576	8.2443975024	0.51721847067	1.19757408979	1.72024056542	0.345252314181	0.447156406911	4.06974370347	2.89015463004	0.871365792942	1.57224443074	1.53388939584	0.0	0.0	0.78672671592	0.120425809588	0.0	0.0	0.478518435453	0.0	1.58627544351	0.0	0.36366033093	0.0	0.0	0.0	0.0	0.0	0.0
0.422284909973	13.6764808456	7.12271179479	0.0	0.0	1.02857333714	0.34179964619	0.0	0.180513228769	1.10633990215	0.333569149895	1.60984787557	1.01507284322	0.323351554492	1.13648738858	0.0	0.0	0.319160356377	0.404032118185	0.0848761018058	0.878970504465	0.704831182827	0.311097260007	0.0	0.0	0.0	0.0	0.0	0.0	0.0	0.0
0.0	0.0	10.2269116932	1.0499967685	0.0	1.37136955886	0.0	0.0	2.33689272989	2.32476473026	0.330419190086	0.971695970848	3.26070390218	0.323830390285	1.26217596213	3.47212789584	0.0	0.315956150521	0.630761581078	0.0	0.739177577824	1.23602556292	0.615814381526	0.0	1.53137595406	0.0	0.0	0.0	0.0	0.0	0.0	0.0
4.94891392779	2.34154938526	7.90680467765	3.15977166932	0.706230117806	0.985370682945	0.0	0.0	1.06346522914	0.982496381245	0.412061343774	1.52893710452	2.44923504897	0.00325939872826	1.07311113485	1.19670940797	0.0	0.392588032254	1.17338829418	0.258933333185	0.0	1.5309303057	0.0	0.00127145115219	0.255163740955	0.37657312278	0.125397764185	0.0	0.127838445629	0.0	0.0	0.0	0.0
11.4317593598	0.0	5.37499546042	1.853062393	0.907684984368	0.450255489874	0.00301166073891	0.350060825369	0.504917325067	0.925827396047	0.129565923415	1.54439659428	3.44046221496	0.0810744121958	1.04484447267	2.45016397742	0.0393438053297	0.0	0.418224069253	0.307895698223	0.0	2.06207752756	0.0	0.0	0.432575478491	0.0738959875742	0.0285762703974	0.0347772623897	0.110551411173	0.0	0.0	0.0	0.0	0.0
7.73857153997	0.0	5.90131617436	0.748303648911	0.620977123574	0.227094395192	0.175640184952	0.0	0.0	0.459627091466	0.183494536515	1.10331921956	1.90381137886	0.0	2.0708804121	2.60226801785	0.0543536108164	0.0	0.470116593552	0.0	0.0	3.76859074994	0.0812504161689	0.174756434777	0.436474586859	0.0	0.0	0.0508014601094	0.0195849888974	0.0622762123928	6.14649122315	0.0	0.0	0.0	0.0
5.6012772883	0.0	7.00095761021	3.55317921723	1.80281561465	0.0	0.117810027096	0.0	1.69692879029	0.100626143144	0.0365547684074	2.30967053122	4.55778104828	0.52529772082	2.004336461	2.51070537746	0.145592313486	0.0727628567353	0.54799932604	0.0	0.0	2.02108006485	0.472968108781	0.121884148033	0.799772583949	0.0	0.0	0.0	0.0	0.0	0.0	0.0	0.0	0.0	0.0	0.0
8.26219987081	0.0	6.47129128317	2.09581037694	1.21631416163	0.249041114542	0.0	0.226697214639	0.0	0.459395081193	0.298074188494	2.40675055811	4.92302836868	0.346408703387	0.671056996086	3.06641156954	0.069028217019	0.137983544136	0.105319248135	0.0	0.020182621814	3.98881662708	0.0	0.543248068244	1.23241653994	0.0647687827566	0.0	0.0	0.0729368917539	0.00824284889689	0.0645771230145	0.0	0.0	0.0	0.0	0.0	0.0
8.97392666289	0.0	7.68215485536	2.08630608914	1.12652883215	0.0	0.0	0.0251293202557	0.0	0.74012588972	0.129907160644	1.69200674789	3.32642070436	0.262575020876	1.64406215503	2.8765045714	0.0	0.0	0.878419269117	0.0231269865541	0.0	4.36365334982	0.238962964394	0.490636926896	0.4375813348	0.0166898255132	0.150889997517	0.0	0.0	0.35120620767	0.0	0.483185128005	0.0	0.0	0.0	0.0	0.0	0.0
8.74075756297	0.0	6.7680206616	1.41330532934	1.41686602916	0.579255271039	0.0	0.530977173453	0.901832054908	1.21132433943	0.329147503543	2.43832667808	3.720046014	0.0	1.5539900223	1.72377651381	0.0	0.102410484879	0.0	1.02941664853	1.05546864723	3.04126274794	0.173746551313	0.618095369096	0.0	0.0963709451816	0.209712739514	0.0	0.0	0.130430423478	0.24740623763	0.476802276159	0.491251775438	0.0	0.0	0.0	0.0	0.0	0.0
4.06539928044	0.0	6.90807877728	1.77729568542	1.85525967162	0.0	0.0	0.0	0.0	0.8378438517	0.359623936346	2.06540363442	5.2587590692	0.39525673004	2.34550758484	5.11351909492	0.158881571878	0.0	0.47944391514	0.0	1.7728676862	3.6457633547	0.493423912664	1.24614777943	0.351104737854	0.161320771446	0.241479557258	0.0	0.187563566801	0.204609163784	0.0310732345	0.0	0.013288397648	0.0	0.031085034498	0.0	0.0	0.0	0.0	0.0
5.64762519842	0.0	4.78957747213	1.07218245797	1.39318775557	0.214093731704	0.0791254647592	0.113660983742	0.0	0.750652360544	0.300474554149	2.09358643215	7.32472966341	0.340718501311	2.38362033963	5.06763938341	0.149380172348	0.0	0.248361930772	0.101795997527	0.127374249368	2.37877414117	0.0	0.886350017256	1.51491261674	0.301767693736	0.0752202160047	0.0680804782823	0.0931052302996	0.0171527955283	0.0676893384069	0.0510675337095	0.0	0.0	0.0553364523479	0.00775998552458	1.23891710478	2.0460797473	0.0	0.0	0.0
2.83068258966	0.0	4.71613831597	0.0	1.98612973307	0.0	0.0	0.0	0.0	0.0	0.472773031676	2.76238218508	8.94898259959	0.0644330443172	4.0701026727	5.45504436548	0.0919258261589	0.0	0.331389262203	0.0	0.274855158415	3.17400741266	0.0236494875845	0.947814063504	3.91246406213	0.591515439631	0.348762143367	0.0	0.0634683042525	0.231611955518	0.157270270537	0.293405299658	0.0	0.0	0.0523105835049	0.0	0.198882193325	0.0	0.0	0.0	0.0	0.0
4.66326051653	0.0	5.78207668078	0.845740568231	2.07222865205	0.0	0.287186035472	0.0	0.0	1.19652570619	0.407987995233	3.2455128756	6.91895283153	0.297878837484	4.21169205387	3.23756218154	0.157890722056	0.0	0.405261797269	0.0	0.0	2.20232935486	0.0	1.13745665032	2.43141598373	1.15309573864	0.317307082972	0.111075367027	0.818082988893	0.61404384131	0.0	0.0	0.0196785913001	0.0133491250282	0.0625739832573	0.146576140508	0.243257698286	0.0	0.0	0.0	0.0	0.0	0.0
2.12725520184	0.0	3.49207825965	0.0	2.14650080547	0.0	0.159816390189	0.0	0.0	0.749513741583	0.602474513806	4.39964883109	7.22814536541	0.325503701488	3.78641191526	5.10281296391	0.341253504463	0.0	0.00234971484386	0.0	0.199973437775	2.18129601205	0.0	1.70452512198	3.7146831017	1.05387939908	1.4859550807	0.199007637593	1.18709822424	0.542779702533	0.0923199374394	0.289143854619	0.0941358177822	0.0145939667568	0.0918935773589	0.0666925725981	0.301947857038	0.0	0.0016776103169	0.0536162101279	0.261015969306	0.0	0.0	0.0
2.38731459234	0.0	2.83565889139	0.558594372582	1.8758622512	0.0	0.235405957016	0.29140939437	0.0	0.755532503942	0.830610554017	3.06200004235	8.9892059958	0.376786601316	3.90815360674	4.9271432864	0.165300410255	0.0	0.0894780596817	0.0	0.681831454784	2.92374645014	0.0	1.82510221734	3.08211055577	0.879017086305	1.15815677249	0.0614943410166	1.05510220375	0.649035432904	0.0	0.085924857312	0.0807480538592	0.188903825999	0.0125308433581	0.0427252784978	0.395863914041	0.0	0.516033344196	0.0	0.0732168488358	0.0	0.0	0.0	0.0
1.41381386482	0.0	3.88259118105	0.0	2.08722131464	0.0	0.0	0.0	0.0	0.47836295125	0.418873022186	2.16084427636	7.25755422607	0.36828914849	2.590396653	4.17052343133	0.119702057755	0.428016437431	0.568256104505	0.0	0.0	3.08520459569	0.0	2.46292151928	2.85548071515	1.05150885322	2.5511586734	0.102702766594	2.08247871711	2.15234808078	0.293607267324	0.275333316827	0.185358283614	0.115727659821	0.149125482455	0.0	0.0	0.155276599256	0.552708112592	0.591789692269	0.301491203225	0.687087842713	0.404245949792	0.0	0.0	0.0
8.33634571763	0.0	1.86314170739	0.360817237626	1.10211745929	0.0	0.186678890857	0.0841032374175	0.0	0.41591911559	0.315033582701	1.52324229658	6.96855127175	0.706100030187	1.7990947865	2.42465089044	0.0818979966988	0.0734285939376	0.721746335291	0.123112780135	0.0	4.13446444783	0.0	1.43754716864	1.72394176201	1.46392357724	2.39794078173	0.390137727185	2.69210917763	3.6092016766	0.228245234408	0.401540400902	0.0	0.214116559802	0.119151148843	0.145212657339	0.14518351733	0.0	0.0142787926549	0.0786018856244	0.130991862703	0.104664334121	0.0	0.482765357379	0.0	0.0	0.0
3.43236018054	0.0	2.99908815775	1.43860807567	1.30510566865	0.0375952339775	0.0610872032131	0.173926569148	0.0	0.393707060709	0.217073291418	2.27313131957	7.99804842072	0.265298893955	2.16745931401	2.64578893917	0.0700723236859	0.137615527238	0.569280029942	0.0	0.334880657615	3.05295376058	0.0	2.40580332655	2.44665612869	1.27205286691	2.14053131259	0.229126572052	2.40933132673	4.17330741951	0.487540825646	0.355255218686	0.601728031651	0.614332832314	0.320028496834	0.199404970488	0.105095525528	0.0	0.17166960903	0.000973459251202	0.0410027061567	0.0743400039101	0.0	0.378738739921	0.0	0.0	0.0	0.0
2.72984471895	0.0	3.29723058917	0.457227467168	1.47204864161	0.125896717769	0.218987435696	0.0	0.0	0.596731979021	0.350988085297	2.26408487922	7.51939525581	0.298877059663	2.00617330185	2.8696613609	0.0762401028722	0.160746998224	0.471583981475	0.0	0.645521293658	4.38509951553	0.0	2.24985527496	2.55029886509	1.40751562225	1.926675678	0.124747177424	2.12183293655	3.83078684924	0.311319633396	0.549809564944	0.651450295436	1.65087419526	0.542248862675	0.174154872246	0.38270089481	0.162452688736	0.0	0.141883952565	0.0	0.00817810245343	0.0	0.156521726957	0.110353423106	0.0	0.0	0.0	0.0
0.0753754713575	0.0	1.92930426687	0.28544789153	1.33213949378	0.50491480813	0.0	0.0	0.0	0.498565310545	0.34857786754	3.54753865193	9.6481463337	0.520269802295	2.95356387765	3.20596378174	0.168857935834	0.0	0.5276347995	0.336549872111	0.0	2.55470402921	0.0	1.94035426266	2.73723395985	1.17759455252	2.39141909126	0.344260369181	2.68135398109	4.64560323467	0.0500359809865	0.483108816418	0.472283820532	1.4728844403	0.5694797836	0.352556366028	0.85294967588	0.45910532554	0.47607931909	0.035365986561	0.0	0.164554437469	0.0	0.256222402636	0.0	0.0	0.0	0.0	0.0	0.0
0.0	0.0	2.17774621577	0.196561168501	1.7372234519	0.408280049201	0.119454767321	0.321156736568	0.0	0.518802675225	0.66993609714	3.43710469838	10.6942935507	0.828989820202	2.60819647819	3.36429198782	0.255198427004	0.314339055579	0.0	0.0	0.0	2.33427543847	0.0	1.19354807306	1.96742728528	0.937033335869	2.1896190175	0.610995388592	2.79554500535	4.11613919684	0.386629016061	0.630824191468	1.38672590108	2.45490065596	0.882386827944	0.225000302625	0.498588312296	0.41744832053	0.0803515316509	0.100022234503	0.0197606158653	0.0296131542939	0.0359938672191	0.0	0.0555971480616	0.0	0.0	0.0	0.0	0.0	0.0
0.0	0.0	0.782891315086	0.624878891858	1.11170296342	0.138427140349	0.156161742956	0.0	0.0	0.327114368086	0.375467095194	3.27529328147	8.43237323958	0.540124079399	2.35528314623	3.58279012667	0.0636022493496	0.0	0.79156491636	0.0	0.0	1.61629543759	0.0	2.02999189841	1.72624425376	1.27611658759	2.42330955623	0.338800329804	4.08039899982	4.25656982572	0.185284867237	0.441423904889	1.10910816304	3.05958684976	0.865264527192	0.560378082373	1.802710265	0.916562534737	1.50021062053	0.427612182859	0.0	0.311045325724	0.0207112390445	0.299071283963	0.195628708758	0.0	0.0	0.0	0.0	0.0	0.0	0.0
0.0398954360294	0.0	2.67640487032	1.32018773334	1.57510185908	0.341312614473	0.0314007011715	0.2960431899	0.0	0.188832659072	0.406663741073	3.22312642554	10.0356570136	0.421195812541	2.4703408495	2.92747649568	0.169028147072	0.305571000862	0.389099539299	0.0592227359816	0.105060850611	2.0019321022	0.0	1.58561706014	1.66323556799	0.78356797914	1.50454825196	0.368056417174	2.33171933551	2.04246650629	0.102254500328	0.455236655979	0.681903368874	3.54421105797	0.947825595729	1.09370811046	1.86287068815	2.47847105032	1.53936925548	0.0797464580544	0.050218088072	0.347161695063	0.0127576842885	0.208499371058	0.0695980170294	0.00597394860335	0.0	0.0314014961716	0.0601528860754	0.165875176753	0.0	0.0	0.0
1.90098882891	0.0	2.53722217165	1.22640468962	1.37874947591	0.069758813722	0.0481291696684	0.0	0.0	0.302738552754	0.433877540951	1.81975123622	6.4943094155	0.544627750984	1.29982308301	1.87770403101	0.0	0.0798627528126	0.183130183518	0.0553305550201	0.0	3.54261028116	0.0	2.43806738058	2.23229499909	1.36645907702	1.69550264741	0.161142465497	1.33163448015	2.82453994579	0.343747229063	0.494817615466	1.36037867757	5.11342693979	0.709160336177	1.42012967219	1.9678300229	2.63525916283	2.75398895214	0.157376505836	0.335477129807	0.384380605406	0.0100922210917	0.11689054948	0.0511288693984	0.0201361661878	0.0749260732565	0.0517232473449	0.00819746926225	0.146273026835	0.0	0.0	0.0	0.0
0.0	0.0	3.61681645949	0.772040491354	1.89999697872	0.0	0.0935098989528	0.184880297929	0.0	0.454805444906	0.329237696313	1.62355048182	6.76945492416	0.523111594141	1.42370798406	1.97585847787	0.0431613595166	0.272631696946	0.0696096492201	0.0407980095431	0.0	2.74467596926	0.0	2.24282847488	1.94952447817	1.29051998555	1.30860398534	0.31515439647	1.35298898485	1.79322547991	0.368881695868	0.840498990584	1.87843697896	4.8036889462	0.832523990677	0.870446490249	2.70156696974	2.27871597448	4.06559995447	0.336827146228	0.813180490892	0.271014696965	0.0310618546521	0.229004597435	0.0728018491843	0.0	0.0727072491855	0.123686198615	0.0208156847669	0.000628055992965	1.29721898547	0.0	0.0	0.0	0.0
2.82183959084	0.0	4.2806785793	1.75575094542	1.4323845923	0.224270447481	0.0	0.190559572369	0.198652131195	0.813864681991	0.717802295918	2.39234765311	7.18401495834	0.163007576364	2.33918686082	2.51277003565	0.139787739731	0.0822427080748	0.515633925233	0.0	0.0	1.90798132334	0.0962522260437	1.71991655061	2.13213809084	1.12104703745	2.034479705	0.146391258773	1.25443901811	1.97275651395	0.514559285389	0.183608293377	0.977911058202	3.46107949814	0.634272708031	0.9075750684	1.0510246476	1.4862229845	2.84701718718	0.550614320161	0.906830268512	0.677493501765	0.0224910527388	0.940928663567	0.12234430226	0.0	0.255974842884	0.211051089398	0.0331045631998	0.0552863279835	0.0	0.0104143184899	0.0	0.0	0.0	0.0
4.03921895067	0.0	4.92255353053	1.90214104131	1.76278746026	0.00800775791096	0.384818917665	0.0	0.236575617826	0.939679072206	0.92896877366	2.25083849389	5.16344689777	0.410892424119	1.6779258718	2.96110399729	0.0	0.377387828675	0.32478310583	0.0	0.0	3.882343572	0.0	0.983962366181	1.9750155314	0.960107869424	1.09763175072	0.354258371821	1.19599663734	2.97956059478	0.0	0.435895470718	1.30240422287	4.31465431321	0.65500401092	0.618609515868	0.681030207381	1.43448460491	2.03134862374	0.723968301538	0.362394550714	0.863857682517	0.0717749602387	0.895298878237	0.249683906043	0.0356384471532	0.391273026787	0.177182765903	0.0354900761734	0.0	0.0	0.0	0.0	0.0	0.0	0.0	0.0
3.26102189058	0.0	4.52237143506	2.96059920854	1.71416146814	0.0	0.0	0.0	0.025173746875	2.59154510775	1.43144619093	1.53884482026	4.97374495833	0.399720449164	2.07598876695	0.401196549567	0.282839397243	0.00515573160803	0.0	0.0	0.0	6.77556185043	0.404276930408	0.976505666684	1.46437859992	1.17713352148	1.50369101066	0.093632905571	0.938683856354	1.74538287666	0.389841306465	0.117669272135	0.848308231675	4.83680692093	0.647024976703	1.02626388027	1.4009439826	1.42040878792	1.66662465516	0.156967182868	0.33954659273	0.92342985219	0.0450587623056	1.55967262595	0.222805320848	0.044529686161	0.174152007561	0.15353242193	0.0887777242452	0.0403165650104	0.0886536042115	0.221452760479	0.0442594640873	0.27989647644	0.0	0.0	0.0	0.0
2.3649968743	0.0	3.98788598218	2.65345962238	1.67923409774	0.0	0.0	0.0	0.0	0.701970073646	0.259677243258	0.829162250754	3.72419142965	0.389375739912	1.95105884881	1.48820983212	0.115134939276	0.0	0.12533367744	0.22544249942	0.641990684443	15.4997102101	0.0	1.66083790105	1.76506138229	1.19581178476	0.916617935007	0.305565664998	0.675484978413	2.35182217667	0.232487688152	0.272027121035	1.31290316368	5.30762724462	0.391672019499	0.713085671645	0.403686777336	0.687485576253	0.921296634169	0.130271386551	0.350226886959	0.430859222445	0.0	0.950295128947	0.263454422578	0.0807131654718	0.339619278868	0.471403425147	0.0799532456081	0.0731529068324	0.0	0.0	0.0797432056465	0.0	0.0	0.0	0.0	0.0	0.0
0.17557131397	0.0	4.79114165234	3.3267343699	1.74031714724	0.190301906752	0.0	0.0399249404368	0.0	0.296168254877	0.701045656488	1.86902308418	4.80779764418	0.258879473149	0.98516351727	1.15454943427	0.0434555787068	0.321887242275	0.416067396127	0.163663119805	0.0	9.45707536602	0.0640871685972	1.6373451977	1.34280534203	0.917219550564	0.732173641236	0.0979121520228	1.09228146478	2.43646080613	0.288334658716	0.193412305228	1.72955315252	6.48383682294	0.425829991343	0.697997657982	1.00583950714	1.41829730503	1.50610126201	0.282290861677	0.847055584944	0.985295517204	0.0475686966913	1.80911311354	0.490348559729	0.139578531607	0.413384197442	1.2844913706	0.266513869408	0.144287929299	0.0	0.0093037154412	0.205067299517	0.267445668952	0.0	0.0	0.0	0.0	0.0	0.0
0.0	0.0	8.2815418737	4.68412836296	2.0529730208	0.0	0.0925302774157	0.0140462240897	0.0	0.156163638762	0.450040858794	0.83977468579	2.48183346247	0.194176393592	0.982160866428	1.04583875777	0.0	0.352068772119	0.638395413179	0.0	0.00617710315991	15.6085558773	0.0	1.38038101227	0.951514470595	1.12849984652	0.821078188333	0.238938797504	0.477345675081	1.90528594088	0.797702991511	0.0	1.63300027791	6.54920310928	0.432731501148	0.600337518354	0.592564289411	0.530424817862	0.48838423358	0.0674293908299	0.338994643897	0.53478143727	0.0	0.416963613293	0.106330305539	0.0177800335819	0.0	1.63328697787	0.832960986717	0.19823533304	0.0	0.0	0.0859727783075	0.0927919673803	0.137468361304	0.129205912428	0.0	0.0	0.0	0.0	0.0
4.2555592892	0.0	6.81850733611	5.06786413358	2.24356146541	0.0	0.0	0.130494410742	0.0	0.851197417783	0.241243074989	1.10861504171	2.9030798143	0.315666584084	1.0483944829	0.605861105591	0.068020153474	0.431810484642	0.276284211022	0.0	0.0	14.2312842658	0.641153961449	2.00889162592	0.305223931227	0.859040412414	0.939913157097	0.0	0.435177082339	1.90683349572	0.275111171824	0.7036561187	1.47960418795	5.7448912705	0.014902061807	0.723359705221	0.215094592875	0.378020561434	0.452895430219	0.426150508513	0.223781406934	0.532014196102	0.107458946498	0.644297359298	0.212806174441	0.0290531181277	0.0	1.35596387252	0.217744471063	0.217211891427	0.0	0.0200860642611	0.0	0.18418079402	0.0640304562032	0.0840087025378	0.0	0.0	0.0	0.0	0.0	0.0
2.43075317665	0.0	5.85828563366	2.48481345389	2.25548095045	0.294301226099	0.0314897177428	0.257402141634	0.0	0.0	0.602427796378	1.36929812352	2.81931811307	0.275023864215	1.64681300669	2.35112751018	0.0	0.0	0.452569759468	0.637024231815	0.866016535406	12.2562668401	0.0360722098136	1.38826741554	0.681414013123	0.828260651301	0.983360286008	0.504569307577	1.16415130989	1.85444831928	0.0901617820419	0.0602384326396	1.00634267633	10.0104437856	0.524717329094	0.419361843449	0.752490583205	0.181623883536	0.501716038777	0.0	0.264210548767	0.682220412783	0.0672153017023	1.13690382136	0.417631864177	0.0836123047994	0.392869094602	0.959514796044	0.440863104396	0.341527266217	0.0	0.161749911903	0.0267543247364	0.0688199110269	0.0749227184578	0.0	0.0	0.00513267083914	0.0	0.0	0.0	0.0	0.0
0.0	0.0	3.32463167504	1.65372704249	2.20095232565	0.805573933574	0.725535579917	0.105765058762	0.0	1.93957647699	0.555404478421	1.43865516702	5.11325783942	0.0172913819883	0.749842765843	2.69147364164	0.0	0.46569893036	0.393768732008	1.34738481987	0.0	12.7784886013	0.0	1.29560884984	0.191702929004	0.84298191191	2.13517956373	0.0	1.49985193158	2.36072183314	0.375645862501	0.0	1.03548740045	8.8124748976	0.999250621434	0.53768544868	0.0403640726292	0.0119150011012	0.849938707885	0.341649082185	0.313496138486	0.13013752465	0.0	0.559254716191	0.0	0.343023161389	0.0856658703994	0.416887438622	0.42601063334	0.618863001678	0.616119323267	0.697548396122	1.17448251997	0.272413922273	0.250288495083	0.0	0.0	0.0	0.458322294632	0.0	0.0	0.0	0.0	0.0
3.3763671145	0.0	8.3500315197	2.78104500615	1.5489047819	0.654459119112	0.0	0.0	0.135393074641	0.851656154999	0.572265304152	0.546948449545	1.35223424611	0.104869069086	1.1653462121	3.59977215516	0.113139670591	0.453273032495	0.0909896165601	0.0	0.0	13.7961225109	0.402557423265	1.41120225684	0.0	0.92775816885	1.20090771856	0.254007696229	0.365597766539	1.35589374677	0.0663052120672	1.09114219859	1.87933884204	8.45156153816	0.842205153283	0.61725311234	0.513418843442	0.901732164118	1.36938774923	0.0	0.184847033642	0.822555649708	0.0427807977861	0.0874653159185	0.0924228668207	0.0	0.0072366463171	0.0	0.394451921791	0.0	0.248485295224	0.549079149932	0.505784592053	0.635532415667	0.0652418118742	0.125721722881	0.0	0.0418171076107	0.0534910447354	0.0	0.0	0.0	0.0	0.0	0.0
4.5600600449	0.0	6.01104404102	3.42838413595	1.70201506465	0.73751060134	0.0113073210869	0.0	0.0	0.741734602495	0.414876113261	1.48845220635	5.19971901952	0.137103157429	1.99812414549	1.65130065081	0.105222508726	0.256161249932	0.627000831171	0.0	0.0	11.4334471213	0.0	1.79865889103	0.0	0.908562848035	1.2655503455	0.503131997355	0.725465598053	2.18428379631	0.145655439764	0.574647636879	1.41440018613	8.46153231	0.696319990093	0.421394935041	0.0844219430472	0.631802332482	0.727577598627	0.324935248707	0.43483583871	0.274337654894	0.121411653145	0.0571853196116	0.198222474115	0.0	0.0200048034613	0.514949300581	0.450140582889	0.388963846187	0.0	0.290963719433	0.499657096406	0.676546384694	0.445304101568	0.0788218415186	0.0	0.0196658273688	0.0	0.137543377549	0.0196422653624	0.0	0.0	0.0	0.0	0.0
0.0	4.16568359612	2.29255843745	1.26648053399	3.54992697407	0.0	1.73815369767	1.71450270451	1.88670605474	0.0	1.64726152394	0.169184331105	10.8636448604	1.45682747898	0.0	0.032183373699	0.0	0.0	2.83189488158	1.39243379758	0.0	10.0436990974	4.75580602558	0.0	1.76325859042	0.0	1.99129302452	2.11792968792	0.0	0.0	0.0	0.0	0.828032660696	0.0	0.0	1.83965196834	0.0	0.0	0.0	0.0	0.0	0.0	0.0	0.854336853098	0.84858155476	0.0	0.0	0.0	0.0	0.0	0.0	0.0	0.0	0.842906656401	0.0	0.837305458016	0.714172893607	0.0	2.44695319283	0.0	0.805205767296	0.0	1.30342432331	0.0	0.0	0.0	0.0
0.890241981589	0.0	9.05514774408	1.7202155915	2.34442809812	3.18775690176	0.32602108677	0.0	1.20993023133	1.20831863209	0.0	2.37391968426	7.51481246801	0.0	1.82239914347	2.35592689272	0.284471746298	0.567709973176	0.249024722958	0.408182728154	0.0	8.43832003397	1.37171575529	0.0	0.245381284671	1.46588211104	0.0	0.63965801936	0.0	2.17929017574	0.0	1.54311647473	1.210644231	4.64477181696	0.129856818967	0.386619258289	0.32944760516	0.0	1.83035513973	0.0	0.0	1.26591460502	0.210195381208	0.747496448678	0.0	0.0	0.0	0.0	0.207750102357	0.414841965024	0.0	1.05554990389	1.02252911941	2.33877050078	0.602846916662	0.200538705747	0.0	0.0	0.0	0.0	0.0	0.0	0.0	0.0	0.0	0.0	0.0	0.0
8.36418273509	0.0	7.49057344943	3.36867770156	1.98054904764	0.0	0.151923559679	0.0	0.0	0.497904162814	0.0	0.523720521257	2.91686555381	0.0874699486026	0.338827370797	1.50255829134	0.140648265992	0.638374408748	0.205376497158	0.0	0.0	12.532267098	0.269126998005	1.67834964882	0.0	0.409312273845	0.317525683831	0.338218100597	0.6186535123	2.33816926458	0.0476805335915	0.326657836817	1.48483218554	6.51086282905	0.565600084951	0.136927784775	0.259158564745	0.0	0.720277435532	0.0	0.0	0.172317206347	0.0164256623712	0.0	0.134544523996	0.0	0.268871697921	0.0	0.223598713117	0.259586364884	0.315484663163	1.12802616887	3.15028573014	4.30774730864	1.16692148158	0.566088605111	0.14113195615	0.0848037877311	0.0970078217214	0.0667766348359	0.0	0.0968125516579	0.0422977728314	0.0	0.0	0.0	0.0	0.0	0.0
7.26074815578	0.0	8.07337794935	4.07938896383	2.86932727119	0.278685329214	0.168528457194	0.0	0.0	0.602523446959	0.0356074509557	0.0	2.15532745254	0.506763471282	0.736833812841	0.0	0.0	0.0	0.936074762238	0.0	0.0	10.7396772721	0.0	0.0170241356759	0.251243236185	0.517763268488	0.556444558663	0.0729252814773	0.584525051531	1.85600752857	0.132333566387	0.53846366323	1.60540059223	4.54742284496	0.371795105564	0.0	0.0730820814374	0.0	0.0	0.0	0.0	0.0858388781971	0.0488869375827	0.220221344064	0.0367738606594	0.0855210782776	0.0613381144201	0.158911159637	0.47338537976	0.193610850823	0.518853168211	1.7409555578	3.61302108229	7.48719809824	3.37974614154	0.567982655732	1.01444674233	0.117674170111	0.292541825694	0.130391066881	0.028673322717	0.17673385511	0.0	0.0	0.0	0.0	0.0	0.0	0.0	0.0
4.29779709693	0.0	6.85011733534	2.50641877369	1.40324292154	0.0	0.0	0.372968393355	0.0	0.714302051021	0.280608824338	0.290210146959	1.29416570537	0.0759749116096	0.0	0.741807429884	0.0	0.157395519034	0.124106484618	0.320351753794	0.0	9.51008769105	0.000553199624839	0.0	0.408772955838	0.654389457069	0.0	0.236753578043	0.34442783529	1.61556115836	0.232465181339	0.27735347684	1.28316781382	2.27918344833	0.0	0.146193147643	0.0	0.0	0.0152215363015	0.0	0.0	0.0791393791771	0.0791145291963	0.0790889692162	0.0790641192354	0.145190628414	0.210969947859	0.367889057259	0.458458717652	0.70354484929	1.22827065601	3.67921007234	7.32328937169	11.4993641621	6.32558393847	0.895188612003	0.304240446176	0.136027375456	0.520949319625	0.384126744779	0.0	0.0	0.0	0.0676912769759	0.0	0.0	0.0	0.0	0.0	0.0	0.0
1.07242590875	0.0	7.16491646278	3.73163867434	1.50739243398	0.0	0.19343453569	0.167564208241	0.0	0.121422994957	0.259924394832	0.592277930517	1.99221177356	0.286018642345	0.564946722648	1.0017218884	0.101679869274	0.0	0.158445405616	0.0821664236556	0.0207405419712	6.06452574598	0.0634842182771	0.282641841372	0.0	0.481017018485	0.0	0.047245333602	0.135737319079	0.894708257587	0.0629787061315	0.320889692384	0.678044355209	1.57374765308	0.263137755758	0.0	0.0756785017879	0.0	0.0755863417613	0.029117600383	0.0	0.20538437913	0.0	0.221836383867	0.0442700047454	0.00311962409814	0.440491086817	1.06617630695	1.28211156912	1.10135551708	1.33781078516	3.30477935144	4.77755417546	12.4781795924	8.49643444613	3.3984081784	1.31181157767	0.185027813269	1.03511549801	0.58565536861	0.28784312287	0.205502459164	0.0	0.0247323671204	0.138931239998	0.0	0.0	0.0	0.0	0.0	0.0	0.0
0.0	0.542408054191	9.02549774179	6.02749832407	1.27863103841	0.0	0.0	0.0804116609715	0.0	0.706391544993	0.390543289014	0.0459620244077	0.813402206365	0.418038729088	0.792400113942	0.556413099135	0.111973929578	0.408904242385	0.296199583072	1.03365042685	0.0	7.04203005783	0.0	0.448127858226	0.38490404105	0.474945128545	0.229728727068	0.409131272303	0.184176743512	0.50789439665	0.303879910299	0.221488490042	0.865823487436	1.76514666278	0.396694996793	0.29706317276	0.268593183038	0.0	0.491859952438	0.0	0.0982433645344	0.0982002945497	0.0	0.0	0.0	0.0981148845804	0.307437929015	0.696250388654	0.5409969647	1.35558761063	0.78885961522	3.00520451512	4.45039959341	9.76068047636	7.46074330666	2.80294348814	2.38826713783	0.0	1.51083665459	0.35492952187	0.0	0.327453791789	0.0	0.0817891704744	0.0	0.0	0.0	0.0266413403825	0.0266058623953	0.0	0.0	0.0	0.0
0.0	0.0	9.41309944241	4.97440761914	2.54921213224	0.642376474917	0.16811548148	0.0	0.0	0.228950163727	0.549259280864	1.34088049036	2.56551433821	0.253432332681	0.766684680379	0.337185563308	0.00266905517607	0.0638151813372	0.82668390232	0.458288087596	0.0	9.77680957538	0.0	0.559922684764	0.147063953781	0.441311741387	0.472447252774	0.192966170568	0.0	1.73467163437	0.119968843872	0.239253187495	0.864283316069	2.76220641014	0.0979989758382	0.266113717318	0.0	0.0	0.0	0.0431981077975	0.0	0.0541561798049	0.0431697657872	0.339802944266	0.0323663538364	0.129191467245	0.102138537352	0.165969480695	0.49190555989	0.888296324853	1.14462501859	2.56161453678	3.53341989217	9.27471939179	4.98584062332	2.9253320698	2.11717037425	0.247362850461	1.24958665697	0.457601367345	0.150285174959	0.0570186488517	0.0563148345943	0.0	0.133322148756	0.0	0.0	0.0	0.0	0.0	0.0	0.0	0.0	0.0
1.48771465426	0.0	6.59718596681	4.14768653608	1.79037708391	0.0	0.149085715352	0.0647121599609	0.0	0.358234416746	0.0	0.626007604516	0.866122298715	0.0203170452783	0.852929801782	0.921449785853	0.0	0.0866797298557	0.00568495367882	0.0	0.0	10.8807724713	0.0	0.586374613727	0.9074922891	0.464774891986	0.347856669158	0.0753247324943	0.0	0.928109784307	0.401209406759	0.120726721943	0.57671986597	2.3295819586	0.108653224749	0.183962957247	0.0	0.0	0.0	0.0	0.0	0.0335675171989	0.0	0.264869938445	0.0	0.0	0.319886925659	0.410936904498	0.395371408116	0.71011333497	1.00529976637	3.08009178418	4.54220144439	10.8806224714	6.43466100458	3.885554097	3.54326167655	0.125894970742	2.51102941644	0.529417376963	0.173851459597	0.217141449536	0.0	0.0504797132685	0.0	0.0	0.0	0.0	0.0	0.0	0.0	0.0	0.0	0.0	0.0
0.0	0.0	7.04302894535	2.10613556116	1.40723930858	0.0	0.284625422864	0.0	0.0	0.0	0.0607311659483	0.0638918550905	0.802666690084	0.0917677531649	0.430047675419	0.507636103459	0.0253853011743	0.0106707078564	0.390931981282	0.0	0.0	9.62038747677	0.522668148892	0.452640963585	0.0	0.147927973461	0.316321234318	0.26377937533	0.0	1.36091729183	0.0363538531383	0.00358732289646	0.869364314192	2.59207973678	0.260551654163	0.0672512843046	0.0	0.0	0.0	0.0	0.0	0.00816422695055	0.0334900201033	0.23378520449	0.00797901488359	0.0583098810732	0.33198863998	1.13388240978	0.34584952499	1.04478757758	1.0276647714	2.58919933573	4.66847648718	12.9535206814	7.20994020568	4.85625735505	4.06354666856	0.120631803597	2.88118384126	2.08203595245	0.261828454625	0.220813519802	0.0377044496264	0.0	0.0	0.0	0.0	0.0	0.0	0.0903708726602	0.0	0.0	0.0	0.0	0.0	0.0
1.47596727083	0.0	6.51913777961	3.88071653795	1.07433514271	0.0699067053002	0.0543836543484	0.0542281142987	0.0	0.388811624031	0.181741617976	1.01946492521	2.38411326053	0.102232932613	0.478325692586	0.322302852814	0.0884583982182	0.163992342314	0.0560952878944	0.241750047119	0.151376658289	8.09508958235	0.0	0.28614441128	0.112152075777	0.232647874215	0.262948923881	0.0557646497889	0.0	1.19212978029	0.0	0.0957302805382	0.798420954693	2.15627788786	0.151803238425	0.0	0.0	0.0	0.151545288343	0.0	0.0251612210264	0.0754978310838	0.0	0.100523532067	0.188123380011	0.0	0.386884313416	0.768193055053	0.358045494216	1.10525065258	1.75136555869	3.85594563004	4.99399829308	11.7011547327	7.21464820148	3.53421642742	1.93076791592	0.238970346232	2.34481244799	0.945768201701	0.175598556016	0.214411958398	0.0419734063895	0.0	0.0261997973577	0.0	0.0386446183276	0.133884562709	0.0	0.0	0.908092089682	0.113465696195	0.0	1.5304062882	0.0	0.0	0.0
0.997347016957	0.0	5.96298310137	2.4056916409	1.51359002573	0.16527264281	0.0729622932404	0.0	0.0	0.143858522445	0.154198202622	0.419591647133	1.98754923379	0.19879938338	1.20889862055	0.881540414984	0.0635643850806	0.170095382891	0.0	0.173918942957	0.0	8.69333414781	0.0	0.596967550149	0.171674102919	0.477505088117	0.038118366648	0.112512661913	0.0988611016809	1.23350762097	0.156538982661	0.0	0.503178788554	1.32647582255	0.117873602004	0.0654650111129	0.0	0.0	0.166486322831	0.0194003943298	0.0193983663298	0.0654347471124	0.0	0.0	0.0	0.0	0.551438949375	1.09699201865	0.597013570149	1.29894182208	1.56400142659	3.95139426717	5.43351129237	14.1533342406	7.35733452507	4.1587806707	1.30898822225	0.149082182534	2.47970584215	1.22608202084	0.105579241795	0.278001364726	0.0191154603249	0.0428057767277	0.0	0.0	0.0	0.0	0.0	0.0	0.889028415116	0.372762006337	0.0	0.58351254992	0.0	0.0	0.0	0.0
1.77268813722	0.0	5.96394443372	2.40444296537	1.70116156799	0.0	0.0237992927592	0.00821828746364	0.0	0.205975031369	0.273600582269	1.09829702741	2.63982336408	0.263107806785	0.494054727409	1.03141565618	0.026530242584	0.17604036425	0.206791101018	0.0	0.0	8.99185513082	0.0	0.10199843611	0.0	0.735326943589	0.418804099788	0.0871827824853	0.150723245144	1.3265200292	0.0334493756068	0.125883285832	0.773217697284	3.20128402248	0.193100406909	0.0	0.0	0.0	0.0596629073271	0.0382698745324	0.0359009815518	0.0477184284668	0.00233564979497	0.288407545898	0.00682015396528	0.175674594407	0.136658881196	1.39775429855	0.723988078468	1.04953824838	1.42109088851	3.90398872011	5.10520690323	13.1524673405	7.37692202571	4.68861638249	0.94077899518	0.0642039043731	1.99226064273	0.796730457164	0.0696483450303	0.202377372917	0.0	0.0525582033842	0.0504497732914	0.0	0.0	0.0	0.0	0.0	0.658304346731	0.132430013016	0.0	0.0	0.0	0.0	0.0	0.0	0.0
0.0	0.0	5.10162377042	1.98136791084	2.29795989659	0.0	0.0	0.0594277573258	0.0	0.914991958824	0.355747183991	2.77923987494	8.46927961888	0.597407973117	2.34655989441	2.76512787557	0.0893943959776	0.254935988528	0.264549588095	0.0	0.0	5.59591174818	0.0	0.916599958752	0.608707972608	0.645913570934	0.737046366833	0.133061594012	0.546175175422	1.422191936	0.169895192354	0.0770164765342	0.753058366112	2.03446390845	0.218835190153	0.206040790728	0.0	0.0	0.507295977172	0.0482907178269	0.100947995458	0.0316253585769	0.0	0.0	0.0	0.229607989668	0.409537581571	0.346636784402	0.479797578409	1.08766395106	1.03287195352	3.14370385854	3.74467183149	9.78783955952	6.76832769542	5.2198797651	0.0	0.12645599431	2.80948787358	1.01643195426	0.0327958385242	0.0635931971383	0.0	0.0	0.0	0.0	0.0177419992016	0.0	0.0	0.0	0.63067357162	0.0215890390285	0.0	0.0	0.0	0.0	0.0	0.0	0.0	0.0
0.0	0.0	5.05308901779	2.78062537013	1.74444882041	0.0	0.0	0.0	0.0	0.378410221197	0.333579140393	1.77319572734	5.31391718065	0.5626552956	1.61146298836	1.93422376615	0.044165908644	0.367253278508	0.0	0.0	0.0	5.42344540705	0.266145814141	0.93896032629	0.243538708693	0.473388414087	0.119358388766	0.271687835477	0.332880920224	1.21895309377	0.17410549196	0.129873001299	0.88869981418	2.44198048851	0.242927158545	0.115951527944	0.0	0.131133361603	0.566493076525	0.0414174159816	0.0516767164541	0.0150195906197	0.0776521267142	0.0	0.0353804035267	0.106554715679	0.356914436016	0.868530809312	0.727438495312	1.28992531087	1.70607101116	3.86060673041	4.87941687594	12.6414300466	7.9589242181	6.05896346021	0.0	0.184305014417	2.9028867996	0.853262305635	0.0882884012779	0.163266879347	0.0	0.0	0.0	0.0	0.0224014463987	0.0	0.0	0.0	0.233117246182	0.0	0.0	0.0	0.0	0.0	0.0	0.0	0.0	0.0	0.0
2.31458064242	0.0	4.49578011697	2.40051662172	2.17378667633	0.0	0.0693268012991	0.0951839370703	0.0	0.537267970572	0.342043237601	2.54527938684	5.88724598176	0.581602899892	1.96913932564	2.24254365977	0.0977415164537	0.206074970356	0.318577303255	0.0	0.0772140513991	5.014511992	0.0	0.715712227585	0.811554624496	0.537305690563	0.518910634994	0.168318899452	0.513826636219	1.46395384733	0.0	0.0370807190672	0.655415182111	1.5795000195	0.167253719708	0.0931478775607	0.0	0.00391647485652	0.722287806001	0.0121504290729	0.0843287796853	0.0788525750045	0.045018645155	0.20847018978	0.0152627383232	0.101664395509	0.636729846612	0.5828132196	0.610324212973	1.0485665474	1.09336313661	3.96530584476	4.86864222715	11.361589263	7.33591503278	6.1066943289	0.0	0.139059666501	2.87704310692	0.529482072447	0.089050338548	0.0679328836349	0.0	0.0	0.0	0.0	0.0148197744299	0.0	0.0	0.0	0.0	0.0872930789711	0.0	0.0	0.683026215459	0.0	0.0	0.0	0.0	0.0	0.0	0.0
0.0	0.0	6.04055724295	3.73552280287	0.664442372724	0.0	0.246207873598	0.0	0.0	0.0	0.10845526718	0.512493446675	0.0	0.051460081662	1.30886016597	1.69111665603	0.0	0.35308199082	0.0	0.0	1.45926446206	7.36085480862	0.690538402046	0.0	0.680277942313	0.038537811998	0.515476466598	0.072807681107	0.14500016623	1.46211966199	0.0	0.0	0.20730577461	0.148812356131	0.0	0.103505147309	0.0	0.0	0.0995236374121	0.0	0.0	0.204292874688	0.0	0.0	0.066655887267	0.37038002037	0.0	2.13609624446	0.964692374917	1.06874117221	1.40131386356	4.77157027594	4.42183318503	9.37991275615	9.1070917632	5.3809396601	0.0	0.130551526605	2.05459024658	0.646370783194	0.0	0.00941012475532	0.0626789423704	0.437898028615	0.0176258795418	0.0	0.123400246791	0.0	0.184347145207	0.0	0.0292479542396	0.836490578254	0.0	0.0	0.189262405079	0.021189235449	1.3921672638	1.09868757143	8.79633977133	0.0	0.0	0.0	0.0
4.73275596867	0.0	4.91848847732	2.26926972752	1.550422507	0.175866702882	0.170497419741	0.0	0.0	0.0505280455589	0.136451359824	0.395740191508	1.22074751413	0.0	0.292368051035	1.16734028289	0.0533182751912	0.319460586884	0.124982833115	0.0	0.0	5.81664220274	0.0	0.0436914495595	0.111215225061	0.291310490417	0.0	0.0358278689593	0.226556532535	0.531562390964	0.142758083514	0.0	0.0	1.25082793173	0.0337053557177	0.0	0.0	0.0	0.0	0.0	0.0462921750809	0.126703154122	0.0924076140582	0.063411973096	0.0	0.0893810922883	0.0119408589854	2.10760323295	0.657890904866	1.88445710241	2.75215241001	5.8138450011	6.42198855687	17.4311021972	7.62651566151	6.1574304021	1.69718739285	0.19266755271	2.43796702621	0.523834386443	0.0	0.396978352232	0.0	0.0	0.0	0.0	0.0	0.0	0.190029111167	0.0	0.0289006369068	0.587205703515	0.0	0.0	0.117853748945	0.0	0.372965258185	0.0330966073615	0.075856412376	0.0	0.0	0.0	0.0	0.0
5.31731023962	0.0	4.75440632012	1.70624725601	1.58028577402	0.252907263834	0.0588973415777	0.0751710142506	0.0	0.352149849643	0.0422038539648	0.727735045934	1.61590076893	0.0	0.195605372028	1.55776927724	0.156868327568	0.808480784387	0.0628818860078	0.478222681614	0.0518836525806	9.5463486349	0.0	0.232174066799	0.0	0.576751267525	0.152110028249	0.0	0.273346360911	0.958986862861	0.15055792847	0.0567773568808	0.31062990558	1.10753284162	0.0782264238137	0.0661827755358	0.0	0.0	0.557524270274	0.0888309372976	0.0	0.145354229214	0.0	0.234557466458	0.0	0.122637132463	0.626821360365	3.24671053572	1.09139134393	1.54795177864	2.14702319297	5.04446027864	5.35236423461	11.2202533955	7.2846349583	5.95511614842	0.0	0.248283264496	2.66174061937	1.22139882534	0.12720163181	0.0999225857107	0.0	0.0	0.0	0.0	0.0679801002788	0.0	0.01650376764	0.0	0.468765582966	0.0	0.0	0.149073828683	0.449366035741	0.0	0.415235140622	0.705890899057	0.398455293021	0.0	0.0	0.0	0.0	0.0	0.0
0.330914495797	0.0	5.90801536689	3.34647758683	2.13652545154	0.398194927804	0.0	0.0334926398898	0.14408795138	0.503703249362	0.250617953728	1.26322917648	3.20907528062	0.542982919726	0.0	1.15753509478	0.206916159946	0.0	0.304052375033	0.0	0.0	10.5112721252	0.171408452498	0.517372959929	0.0	0.404729212856	0.0	0.0	0.0	1.10252085225	0.0712716950931	0.177549717246	0.718400695324	0.0	0.122442594648	0.0675867642446	0.0	0.0	0.203459817274	0.0	0.0	0.0	0.0537225215275	0.0	0.0	0.0	0.632762689126	2.27410835788	1.0897842424	1.05674301686	1.88909466027	4.6646780058	3.4873198957	11.5093888968	7.49487999354	7.65066911397	0.0	0.586958193719	3.13473682315	1.6315588612	0.0	0.309578739304	0.0	0.0	0.0	0.0	0.0	0.0	0.183093281531	0.0	1.94814230591	0.0345155246805	0.0	0.0	0.472697645395	0.0412003098479	0.375889950563	0.276705213893	1.02479399216	0.373142248439	0.0	0.0	0.0	0.0	0.0	0.0
0.0	0.0	5.46341007239	2.61723040534	1.40134417766	0.0	0.0	0.0	0.0	0.471961207193	0.280065255478	0.608316343941	1.73537206769	0.0	0.755041013483	0.739626349329	0.0	0.318292195779	0.560329741009	0.0	0.0	8.31267824027	0.0	0.306095662493	0.0	0.622607837793	0.226782091118	0.0586815158147	0.0	1.58036412591	0.0	0.0907897444679	0.335109300312	2.39434504528	0.0	0.0	0.0	0.0	0.325059057604	0.135968856644	0.0	0.23543598345	0.0	0.195159322596	0.131590145464	0.261941410594	1.07578138992	2.93819089184	0.841512946788	1.48544710033	2.75335934203	5.09082377198	5.44493126741	12.4960743677	7.58079054302	7.65561056319	0.0	0.273041743585	2.67462432081	1.0619918862	0.257956809519	0.078486375152	0.0	0.0	0.0	0.203530464852	0.0025851621967	0.0	0.142068428288	0.0	2.40863044912	0.458397033538	0.358281756557	0.465427505433	0.169997175814	0.0358887276721	0.158173002627	0.297650570217	0.313961334613	0.113187900504	0.0	0.0	0.0	0.0	0.0	0.0	0.0
0.0	0.0	5.82428937166	1.02366890047	2.07858660401	0.285391948011	0.0	0.0	0.0	0.311776990601	0.439828443169	0.909884889302	1.7759017743	0.1090170507	0.846076963042	0.459861645135	0.0	0.551431814123	0.332019632588	0.0	0.0	12.0503691827	0.0	0.651269583922	0.514445410493	1.04078490215	0.0	0.199584019589	0.0	1.86207138276	0.308123230242	0.191829458828	1.15386491326	0.541526533151	0.672604306016	0.104185850226	0.0	0.0	0.531563172173	0.000218226821419	0.0	0.396104758878	0.0	0.0	0.0	0.575402136476	0.800257118545	5.04787409545	1.18782411658	1.8492057815	0.772064555779	1.98623939495	1.20519531829	3.06837550116	4.40785883263	6.88745267601	0.0	0.0232234662794	5.84179257337	2.34345783001	0.217031781301	0.266782586184	0.0	0.0	0.0	0.0	0.0	0.0	0.627260541566	0.618200060676	7.59392554534	1.6596889629	1.52947535012	2.14687461072	0.993819297539	0.0885332886891	0.253201544852	0.104580090264	0.181338097798	0.311371310562	0.216108661211	0.0	0.0293039148762	0.0	0.0	0.0	0.0	0.0
1.94468488144	0.0	5.6051556289	3.47629421551	1.65797148738	0.0	0.0	0.0	0.0	0.0	0.30027075905	0.939252252944	2.37884452102	0.7661713469	1.44101626755	0.85842871281	0.0	0.0	0.394657894174	0.0	0.0	12.0448105495	0.0	0.0	0.313608294122	1.08696549837	0.155656492485	0.231443524482	0.0	2.05610394027	0.0048327427143	0.0	1.39110508599	2.61178413495	0.39550606386	0.332653397085	0.0	0.0	0.989599534344	0.181491402939	0.0609362304841	0.181240423032	0.0	0.220715468446	0.157152581932	0.0	0.53236754329	4.37296888419	0.898686067932	1.64160439343	0.460209929952	0.860644811991	0.90171206682	1.88559780327	3.04491137491	6.27343858197	0.0	0.340745274094	5.36973291589	1.67149948238	0.166482448485	0.235409363016	0.0	0.0	0.0	0.0299832879212	0.202479375184	0.0	0.601201897856	0.294140441315	8.91005370771	1.67521078101	1.48719835048	2.64569312242	0.849644416056	0.361833816302	0.350675000426	0.264739302179	0.212812271366	0.0780343701663	0.169156007497	0.0	0.032779577888	0.0	0.0	0.0	0.0	0.0	0.0
3.82140041653	0.0	7.18797678349	2.05713922423	1.74976219073	0.0	0.179282719542	0.258065128129	0.0	0.431091046989	0.370240240356	0.557326860748	1.1385631241	0.262997128667	0.881414196074	1.35666914788	0.0	0.24137462631	0.597149165089	0.0	0.891799297206	15.1085716468	0.493505153792	0.301996832918	0.399276043521	0.594146764762	0.0	0.0	0.713293277749	1.66259718122	0.34999743815	0.596327465	1.52624716637	3.99874543586	0.760464982891	0.531752457961	0.0	0.0	0.453101449388	0.274314629901	0.137023214935	0.0	0.0683660774519	0.0	0.0	0.131897714377	0.296805632351	5.30302557803	1.05490811498	0.646311670448	0.0	0.352139438383	0.778556784863	1.02762911201	2.32890325385	3.99245443518	0.0	0.490589153474	5.44527959353	0.918297100098	0.0	0.459550850091	0.0	0.0	0.0	0.0	0.0	0.0	0.64779127061	0.0	6.26822168323	2.36547025783	2.091753228	2.63160028685	1.29463214111	0.358218039046	0.467660750975	0.31733643459	0.0	0.0	0.219644123941	0.048110225244	0.0	0.0	0.0	0.111234612125	0.0	0.0	0.0	0.0
0.0	0.0	5.4309968119	2.95575199013	1.90113507909	0.0	0.172144652832	0.0	0.0	0.658444879586	0.208639282833	0.975810932624	3.60809441139	0.197660135841	0.477233899238	1.7748362137	0.0	0.898982383678	0.378007526426	0.012390465605	0.125573595593	11.1196509532	0.282751482526	0.815617306521	0.34748158479	1.11036349576	0.024682651237	0.307825615656	0.129596704491	2.07727463082	0.314737063762	0.11262611914	1.27359015103	3.6043907124	0.647692322533	0.190796917721	0.0	0.0	0.888446406566	0.129226334592	0.0430592772018	0.0595105256941	0.0430192372128	0.127840404971	0.0458455144384	0.0	0.0	5.14468359036	1.19069827375	1.02499641915	0.3244513111	0.464333742773	0.615332731399	2.21307389362	4.00908580151	7.85600054746	0.0	0.28701028136	6.06978933687	0.691756330459	0.136646472559	0.194440556723	0.0	0.0	0.0	0.0	0.0242532223546	0.0	1.60359246062	0.063018028733	7.24502671486	1.78767631017	2.52990850681	1.30873434141	0.990825928511	0.425519523408	0.317489813008	0.616404711105	0.288142321049	0.0790523153396	0.0	0.0	0.0	0.0	0.0	0.0263288407859	0.0	0.0	0.0	0.0	0.0
2.5027503333	0.0	5.02680787286	2.40050150335	1.65024128352	0.126029916927	0.103632510365	0.0261077676496	0.0	0.269277638898	0.13952172088	0.950286678438	3.2385573489	0.0644428908818	0.0763426343684	0.92825267198	0.0272385399809	0.181321933127	0.207150940695	0.0	0.0	11.4445273532	0.481529061088	0.646571589445	0.0	0.998154292459	0.0	0.0	0.0	1.73284810772	0.231410427803	0.0	1.83007373621	1.74190091038	0.33385521782	0.213874302665	0.0	0.0	1.09592272111	0.115987193984	0.086948673476	0.225444226055	0.0	0.0	0.0	0.29054712513	0.165589008517	4.84192461869	1.45301162573	0.543794679332	0.0	0.492464184292	0.655945472192	0.0	3.34109137894	7.85100630034	0.0	0.178379772265	6.48709670072	1.42658921799	0.204907980038	0.0	0.0	0.0	0.0	0.0	0.0	0.0	1.19990115157	0.574716808392	8.77682097161	2.6266099696	3.29382176509	4.29417485819	1.98719138225	0.558141163536	0.463792375891	0.514485310744	0.297484847163	0.173006970691	0.195031777144	0.0	0.0	0.0	0.0	0.0149605843834	0.0	0.0	0.0	0.0	0.0	0.0
5.01562080188	0.0	5.29484403539	0.0	1.79658351559	0.0	0.337542610505	0.0509001151081	0.0	0.172691720723	0.311973187437	0.0821213348546	3.63590983631	0.263464381615	0.673097810771	0.569696678363	0.20092187411	0.491650138998	0.0	0.0	0.0	12.6070815128	0.19649972358	1.33237395989	0.078050259366	1.29321165519	0.0	0.0	0.0	1.508329981	0.490825228899	0.484340338121	2.64212101706	0.0	0.299371685925	0.121021844523	0.0	0.0	0.750338040041	0.0782864793944	0.078258951391	0.0	0.0780942483713	0.238067008568	0.0448767833853	0.0	0.0	5.76888369226	1.51132458136	0.725879037106	0.0	0.710840005301	0.620430974452	0.0893253947191	3.70047044406	5.8442323013	0.0	0.440732632888	5.89620070754	1.19505014341	0.0926926461231	0.0	0.0	0.0	0.0	0.0	0.0	0.0	1.21820714619	0.290464144855	7.20870056504	2.15727475887	2.02115064253	3.47493611699	4.02090198251	0.760932601312	1.68592280231	1.18168604181	0.39891238787	0.219453986335	0.503468580417	0.0	0.0	0.0	0.0267098822052	0.0	0.0170490410459	0.0	0.0	0.0	0.0	0.0	0.0
0.189253033626	0.0	4.17469070057	2.57121038512	1.38073789941	0.380335307384	0.0	0.290928140947	0.0	0.0395062288444	0.0	0.599232183145	3.06878062096	0.167881192087	0.0714914231473	1.70877912304	0.0	0.227293896365	0.577949641612	0.0	0.511963516861	12.735120917	0.0	1.33995129647	0.0	0.540669238928	0.0	0.0	0.0	2.06967334902	0.181801653089	0.602567303385	1.45933130507	2.30425976591	0.746219993728	0.25290983821	0.0	0.0	0.53555657856	0.0299601521571	0.131725969485	0.0755619054404	0.0876308483095	0.0	0.0	0.308033322178	1.71470112346	5.20295677461	1.07334847728	1.18323448519	0.634524485686	0.524676077777	0.732053252708	2.96752381366	3.19908343034	7.62615474908	0.0	0.34264036467	4.18861210158	1.63350391761	0.1736180125	0.0	0.0	0.0	0.0	0.0	0.185616173364	0.0	2.54714638339	0.0470392013868	3.58719065827	2.61376418819	2.42801077482	3.20038063043	3.61988386063	0.993316871515	1.6624371197	0.845939900907	0.382032007506	0.367431926455	0.717158951635	0.0540899538945	0.0228952056485	0.0145499790476	0.0	0.0	0.0228764996471	0.0	0.0	0.105895707624	0.0247062097789	0.0	0.0	0.0
0.0	0.0	5.1975652812	1.14479778219	1.74269942957	0.187473996213	0.0	0.0	0.0	0.186260845913	0.0514190476748	0.971175739391	2.45703310566	0.0	1.01189274943	0.332600781986	0.250401061723	0.0	0.5886429451	0.83168340501	0.0	12.7217381359	0.0	0.573817241445	0.0	0.711779125454	0.0	0.0	0.00986147743086	1.5042588708	0.392602796777	0.0	1.27283881376	0.275313867865	0.628629404957	0.416108652571	0.0	0.0	0.789069244506	0.243544910033	0.051050637584	0.260809264289	0.0	0.428262955567	0.290870121699	0.318002128387	0.820010752132	6.06175199423	1.32031982546	0.668059164677	0.867510763841	0.767591639211	0.657636712107	1.14342978186	2.9293827221	7.83864193222	0.0	0.403009099342	6.29536655181	1.1691747882	0.26510991535	0.0176740893567	0.0	0.0	0.0	0.0	0.00129394781896	0.0	2.29626456603	0.0	7.23945778453	2.00836699506	2.62583864727	3.26308930436	2.8872217117	1.12672877774	1.82687895033	2.47286960956	0.62527400413	0.393883397092	0.908418723925	0.0	0.105101375907	0.0262672214749	0.0525246579474	0.0	0.0	0.0736467731539	0.0	0.0	0.0	0.0	0.0	0.0	0.0
0.279950463828	0.0	4.72829867805	2.04772846689	1.42029152383	0.504724915077	0.0	0.0	0.0	0.501191154272	0.12109538761	1.43431712702	2.20403570252	0.181649321416	0.719291683999	0.626012302731	0.0655046549351	0.296866627686	0.538483322774	0.0	0.0	9.85440224678	0.0	0.765448494522	0.0	1.12463065642	0.0	0.0273793022425	0.0	2.09845487844	0.223015730847	0.160441956581	1.63933477377	0.778250097441	0.657758549969	0.279244863668	0.0	0.0	0.232129012926	0.0735676967734	0.151818274615	0.108477144732	0.0149768674147	0.2302656525	0.0359245521908	0.331397835559	0.493504432519	4.28493217696	1.32007710098	1.0802594463	0.432114338522	1.10022745085	0.865471877328	1.21069467604	2.36569013938	8.20915387168	0.0	0.0837441790936	5.10113396306	1.21440987688	0.0816163386085	0.0	0.0	0.0	0.0	0.0	0.0	0.0	4.12697374095	1.73265639505	6.1161997945	1.99662765523	2.01658605978	2.42136055207	3.03768069259	1.08102744647	1.52595874792	1.63081957183	0.521178358829	0.618667341056	1.98762285318	0.0461362665191	0.0	0.0	0.0	0.0211069488124	0.0211045488118	0.03482458394	0.0	0.0103591703619	0.0	4.75371948385	0.0	0.0	0.0	0.0
0.0	0.0	3.74766259306	0.0	1.2356537988	0.0731178180116	0.00615933459555	0.0	0.0	0.121165600077	0.161432236779	0.158877256988	2.46979439773	0.0390550098014	0.370469159658	1.3223038917	0.164269486546	0.213384462524	0.0	0.0	0.0	11.1872030837	0.134577788978	0.504799598657	0.624390888863	0.755150758153	0.408962636506	0.0223730481677	0.0	1.96052503944	0.204734973233	0.0	1.50329617688	0.710296991827	0.313115004356	0.297389365644	0.0	0.0	0.255278759093	0.00723499660746	0.129197199418	0.144872398135	0.0196268813925	0.0702556392461	0.0	0.425678645137	0.0	4.71664401371	1.09913600998	0.777103796355	0.0	0.93199435367	0.847146520619	0.0	3.24118683455	7.16927911284	0.0	0.492153709693	3.9608394756	1.3528782892	0.181886625104	0.0	0.0	0.0	0.0	0.0	0.0	0.0	3.84304268525	2.39617140375	5.26908806847	1.65737096426	1.8596159477	2.86012236575	2.88677796357	0.593633161382	2.03214013357	2.35136710743	0.413596326127	0.473465691223	2.75761277415	0.252909049287	0.0783479605833	0.0255148779103	0.080768886385	0.0790639175247	0.038619479837	0.0	0.0	0.0	0.532801556364	11.9854160184	0.0	0.0	0.0	0.0	0.0
2.32595132158	0.0	3.55155877488	0.0	1.57118481193	0.0	0.100328467991	0.163757980398	0.0	0.177978758696	0.029340216488	0.241062331145	2.97751404359	0.274807647105	0.490279241314	1.17884185889	0.0164951620255	0.0845044098848	0.0	0.0	0.0	11.3490846415	0.479260122633	0.509899818965	0.0	0.303190403708	0.0	0.0	0.0	1.57757441116	0.504701899587	0.617563586078	2.20034473662	0.46800482398	0.518157297977	0.293716744842	0.0	0.0	0.54168513516	0.0547138834508	0.0819110361953	0.00917313210198	0.0725636013142	0.424001849247	0.0	0.149988982046	0.0	5.07257739281	0.932938328327	1.04476807494	0.920257129845	0.437690487608	0.407897511174	0.0	3.37449239607	7.20476313759	0.0	0.636316863832	5.49359514242	1.21813985419	0.516562838168	0.0	0.0	0.0	0.0	0.0	0.0	0.0	4.79249342634	4.46172386593	5.49531014221	2.14889474278	2.16593694074	3.19802381719	3.94758652747	1.04158307532	2.2940033254	2.01698675857	0.41863634989	0.423416789317	3.6633473615	0.710081455004	0.116981605998	0.0452204285871	0.152201821782	0.0376204314968	0.0254179629575	0.0	0.0	0.00622097065535	0.0124401185109	0.22673179286	0.0	0.0	0.0	0.0	0.0	0.0
0.0	0.0	3.42686427132	0.0	1.26381385751	0.346361306136	0.0	0.20645553405	0.30273300796	0.527171887136	0.150051289336	0.387277995048	4.02132941022	0.555403709485	0.232677656944	1.22323376851	0.116007178562	0.193654837519	0.482200159324	0.0	0.0	11.7219928234	0.00468329273083	0.967265377871	0.0	1.13499509242	0.0	0.119613747584	0.0	2.38610725336	0.0	0.0	2.02750955054	0.0	0.502321903871	0.172259953318	0.0	0.0	0.864701405666	0.0716065815946	0.154657758087	0.0	0.0182110450648	0.837304153091	0.391736953839	0.232021287122	0.413264498005	4.51602237616	1.41811521569	1.01397752522	0.0	0.897450596791	0.601503046993	1.03150052046	2.3380229664	7.41755318984	0.0	0.406559229823	6.8018525567	1.24457816272	0.48136756955	0.0	0.0	0.0	0.0	0.0	0.0	0.0	5.63151447386	3.49281805345	4.94445466005	2.21459969984	2.003670357	3.16810804144	3.9719581236	1.38395032495	2.32089597103	1.73964732855	0.0808170440986	0.266969267652	2.78009744659	0.399923261621	0.0138713812409	0.0	0.312483515317	0.0	0.0319708533359	0.0903125275253	0.0148539559746	0.0	0.0159654286734	0.116419018451	0.21616446142	0.015911671688	0.148631629721	0.0	0.0	0.0	0.0
0.0	0.0	4.64418895181	0.0	1.67985962086	0.0	0.0	0.0	0.0	0.0	0.180679959221	0.407075908123	3.25734926482	0.112908974516	0.533788879524	2.03125954154	0.0961158783066	0.179559959473	0.0	0.0	0.0	12.0080972898	0.0	1.41129968147	0.0	0.629471857928	0.0	0.0	0.0	1.5130896585	0.212322952079	0.158008964337	2.68795939333	0.0	0.221702949962	0.291128934292	0.0	0.0	0.294155933609	0.0716415838305	0.0357991919201	0.0	0.0154968965024	0.100820977245	0.0441652900319	0.5108568847	0.330064925504	5.91408866519	1.1971497298	0.845729809119	0.567249871972	0.498543887479	0.0	0.275825937746	2.9446093354	7.86966822382	0.0	0.457803896674	6.75427847556	1.2175597252	0.456876896883	0.0	0.0	0.0	0.0	0.0	0.0	0.0	5.24993881509	4.3744090127	5.12976884221	2.4802794402	2.0859595292	2.99938932304	3.45312922063	0.889445799252	2.07630953138	2.20925950137	0.492051888944	0.643630854733	3.31341925216	0.58941086697	0.113542974373	0.120111972891	0.239046946047	0.0717439838074	0.00913553793811	0.152555965568	0.0188319957496	0.0	0.00788802821967	0.179464959495	0.309101930236	0.0713087839056	0.0626102858689	0.0	0.0	0.0	0.0	0.0
0.0	0.0	5.64571556956	1.09017329207	2.04739024609	0.0439806315086	0.0	0.0	0.0	0.0	0.0	1.19431434355	2.35565220245	0.256757030372	1.1527730629	1.77267037408	0.0	0.553996861882	0.0	0.0	0.0	10.5014701072	0.0	0.649952877175	0.0	0.686226000274	0.0	0.219150707893	0.0	1.88662862099	0.0706470430842	0.120676763774	1.50286919979	0.0	0.281492928847	0.114216806784	0.0	0.0	0.0	0.0829067203721	0.0966658429616	0.109916228788	0.0	0.128106320313	0.0	0.345569318993	0.315774332874	6.28572197136	1.05204580984	1.65936862687	1.31291858828	1.10757558396	0.779730746709	1.3639841645	2.89462835134	7.28761120456	0.0	0.285168317135	5.60259868964	0.815387770096	0.64953372737	0.0	0.0	0.0	0.0	0.0	0.0	0.0	6.32241525426	3.24995628579	5.9943977071	2.00543486563	1.90049591452	2.59500189094	2.96823711704	1.19208224459	1.94363299442	1.70321270644	0.458636746312	0.595123032721	3.60689011948	0.715734146526	0.155303587642	0.138038655685	0.259288089193	0.137337716011	0.0514762420162	0.137312466024	0.0344355299558	0.0	5.37237939691e-05	0.0174960198483	0.0687411739722	0.0342907970233	0.119840484164	0.102738162132	0.170429340594	0.0	0.0	0.0	0.0
0.0	0.0	4.20087149972	0.0	0.836390098592	0.0	0.326714276637	0.0	0.584608108705	0.0	0.231515602651	0.0	1.79656744138	0.1969202503	1.17109301808	2.55565171237	0.0	0.0	0.0	0.727342879661	0.0	11.2479520155	0.0	0.417503489049	0.521874006309	0.724561338668	0.0	0.0	0.0783596919744	1.62762478106	0.196445950131	0.569134703181	1.44557511607	0.0	0.497980497779	0.0981808490506	0.0	0.0	0.224144060019	0.0	0.0	0.0	0.117051161787	0.497618397649	0.254194290747	0.0108726938815	0.8621848878	4.69914167759	1.30405006555	1.44556491607	0.0	1.05000877485	1.41688250583	2.31189202534	2.61833073475	6.543424736	0.0	0.293084864632	6.97396688971	1.45923292094	0.565028181715	0.0	0.0	0.0	0.0	0.0	0.0	0.0	5.18394785067	5.3711383175	7.23618858332	1.86604986618	2.27867061348	2.68655855911	3.40549561576	1.10804679558	2.16783737391	1.69451640494	0.444350918633	0.300775667376	2.87693142707	0.341208481811	0.163105198229	0.0774220056397	0.373627153385	0.185652306278	0.0412302507192	0.171465121213	0.0739089203855	0.0616812580202	0.0	0.24722462826	0.354473586547	0.081812189207	0.14904959321	0.195343329737	0.142411430841	0.0203354412597	0.0	0.0	0.0	0.0
1.42226607384	0.0	4.92950062868	0.0	1.2960600963	0.0	0.0	0.0102202945794	0.0	0.682331129224	0.0997017952568	0.805681945011	2.48382592606	0.445347553622	1.7207087572	0.3334966949	0.0	0.127412108282	0.0	0.0	0.0	10.893595693	0.0	0.0	0.0	0.879325960258	0.0	0.270988016495	0.0	1.8002866061	0.00235545694719	0.0	1.40262396177	0.0	0.211653800041	0.0177210578878	0.0	0.0	0.0	0.0	0.0	0.102504735979	0.0	0.0	0.111885878742	0.0	1.39788595887	6.90540234268	0.918166254122	0.33465132561	0.0	2.32558692884	0.143418318116	0.0	2.95423751509	7.39239694189	0.0	0.957141478068	5.65233447279	2.44557170256	0.470468239056	0.0	0.0	0.0	0.0	0.0	0.0	0.0	5.2758898415	3.88907638945	6.29007996462	2.59579729486	1.89250256276	2.656258332	3.3336588482	0.929382961012	1.99295852447	2.50174793707	0.584468709097	0.46414300517	3.57816039842	1.21188844459	0.234427114032	0.309890110397	0.685786781347	0.0854814005198	0.147013020325	0.245089680583	0.170274554617	0.0441430461214	0.0236709595434	0.344689711777	0.202381734344	0.122142625045	0.259594149494	0.563107525973	0.124241766334	0.0201928534065	0.0988370067255	0.176267098298	0.0	0.0	0.0
0.0	0.0	6.14216712015	0.0	0.968010147416	0.0	0.249587516755	0.0	0.0	0.0	0.0953695587602	1.42093118153	2.34764396948	0.233990636958	1.95193437462	0.967940467417	0.0	0.256897676661	0.28229031633	0.0	0.0	9.37887587807	0.0	0.663350471376	0.41845543456	1.27239838346	0.0	0.0435158874343	0.0	1.46444478096	0.247243356785	0.4691731139	1.61369517902	1.384822382	0.286056156281	0.0	0.0	0.0	0.449597194155	0.0	0.060696271211	0.219829997142	0.0	0.0	0.0	0.25230087672	0.0	6.65027991354	1.08112158595	0.391438314911	0.0	0.570058312589	0.227302397045	0.206406717317	3.0229575607	8.87397668464	0.0	0.756228710169	5.07761273399	1.70275037787	0.465093193953	0.0	0.0	0.0	0.0	0.0	0.0	0.0	5.74350392534	3.58349675342	4.95187673562	2.54320556694	2.18004797166	2.78635756378	3.75056235124	1.28425438331	2.48187676774	2.24724237079	0.645902391603	0.481478393741	3.84889434997	1.19887038441	0.164539437861	0.20079071739	0.697983510926	0.110875438559	0.139083358191	0.534949993046	0.102432718668	0.0501068873486	0.0120194878438	0.344206715525	0.261167916604	0.0895948548353	0.359666315324	0.279879596362	0.0751194070234	0.0237481916912	0.150088638049	0.211064877256	0.298667196118	0.0	0.0	0.0
0.0	0.0	5.85131518781	0.0	2.25891795856	0.600844771971	0.146183129675	0.0	0.0	0.0	0.0	0.100954265494	2.66611854122	0.316329364215	1.4753867995	2.14314493506	0.174065885336	0.0	0.144787679392	0.0	0.0	9.6147889518	0.629542327798	0.679547537948	0.486527048765	0.709340243996	0.0	0.0	0.0	1.85730337703	0.514945304534	0.0505267452569	1.8010023656	0.0	0.0425688986415	0.0	0.0	0.0	0.781137158571	0.190252688621	0.126736075727	0.0	0.0	1.01643380634	0.0	0.503510802212	0.125109625397	5.605919638	1.71753784866	0.649791581907	0.457100792792	1.15735223494	0.657222433416	0.661983134382	2.20516844765	6.55171783	0.0	0.960912945066	6.1389102462	0.667193235441	0.233639747428	0.0	0.0	0.0	0.0	0.0	0.0	0.0	5.28825257352	4.22693335807	6.15161524878	2.42617249251	2.05202591657	2.6398790359	3.05425112001	0.731993998595	2.02593341126	1.93749189331	0.473288646077	0.503851002282	3.69357524979	1.19519424262	0.326068116192	0.390985429371	1.01453015595	0.262443353276	0.203728391356	0.714171294977	0.430926387478	0.180117036564	0.0800006712401	0.20482669158	0.516869954924	0.144694229373	0.209527542534	0.299031660704	0.0610154073861	0.0	0.0789362860241	0.059182107014	0.750715502395	0.0	0.0	0.0	0.0
0.26463640915	0.0	6.17713914673	0.0	1.95029392003	0.0	0.0	0.0964470640457	0.317986206963	0.282296008426	0.093585488163	0.695570911482	1.68379933096	0.951754880978	0.960907980603	1.06886155618	0.0	0.0	0.0	0.0	0.0	12.4793794883	0.35146418559	1.66521753173	0.0	1.63591913292	0.0	0.0	0.0	2.06937431516	0.0189384892235	0.0	0.785653947788	0.0	0.0	0.0630657574143	0.0	0.0	1.06947635615	0.113448615349	0.0	0.0	0.113259935356	0.929808641878	0.611811834916	0.383783584265	0.104571433713	5.03780879345	0.556132157198	0.0	2.95444247886	0.0	1.22603834973	0.0	1.75991792785	6.82709932009	0.0	1.19669755093	6.74698452337	2.10843531356	0.263866849182	0.0	0.0	0.0	0.0	0.0	0.0	0.0	4.65028340934	3.42756285947	5.73740876476	2.66438409076	2.25686710747	2.14431631208	3.00850247665	1.51863013774	1.86229272365	1.86522892352	0.538360197928	0.213833791233	3.82553984315	1.03466913758	0.145557074032	0.145453194036	1.28854654717	0.324535946694	0.0426288522522	0.565073256832	0.537300197971	0.17878807267	0.0357388525347	0.742828889544	0.747990029332	0.247752729842	0.515962398846	0.0425404482559	0.0351383625594	0.0	0.00264529349154	0.00264442429158	0.0351202365601	0.0	0.0	0.0	0.0	0.0
0.0	0.0	4.26643197336	0.0	1.79795292021	0.0	0.0	0.0	0.752138234786	0.270015542999	0.420645847935	0.550417574958	1.63250953675	0.249667355034	0.575730562427	0.629413527058	0.0	0.0	0.370916532908	0.0	0.0	11.6978808302	0.10110075889	1.04746997525	1.16917818308	0.972807522719	0.0	0.186099731391	0.0	2.32646866735	0.322164127783	0.0	2.43395015661	0.0	0.201024089898	0.151470254853	0.0	0.0	0.801220199878	0.0719032438097	0.0827689857231	0.1240044276	0.0603494919651	0.084060475594	0.172476492753	0.592327330767	0.0	6.2430641757	0.391266860873	0.67120237288	0.0	0.729704617029	0.0	0.022720805728	3.74278472572	8.05047589495	0.0	0.945152305485	5.17756898225	1.57637734237	0.431475316852	0.0	0.0	0.0	0.0	0.0	0.0	0.0	5.82374191763	4.50714984928	6.27214677279	2.5840818416	2.07201199279	2.6470192353	3.61997013801	0.936219946378	2.30094916991	1.89029391097	0.552259044774	0.47159924284	4.14082468592	1.1779842822	0.195974760403	0.343582315642	0.905123609488	0.189255161075	0.235980986402	0.380465211954	0.488933241106	0.09069939693	0.0838836046116	0.697580010242	0.967188953282	0.111079898892	0.438551226145	0.611670788833	0.0517854268214	0.0169934173006	0.0667181313282	0.0169731943027	0.0149506805049	0.0	0.0	0.0	0.0	0.0	0.0
3.27791885573	0.0	3.68741166268	0.0	2.03367243457	0.0173915642957	0.0	0.165265922809	0.629589250703	0.643448890938	0.605341090291	0.588643210007	2.12264283608	0.12884076219	0.977014456609	1.69280282878	0.0446778727596	0.0	0.317823485403	0.0	0.0	10.296288175	0.0	0.273975484658	0.73887877256	0.861430694645	0.0	0.070237801194	0.0	1.97454243357	0.223005963791	0.0400371126806	2.92878724979	0.0	0.646078690984	0.260740084432	0.0	0.0	0.500112368502	0.0632726650757	0.0	0.211319283592	0.0	0.0	0.0	0.0	0.143326802436	6.29649730704	1.07125849821	0.0756238692856	0.340058525781	1.16928361988	0.314621285348	0.0	2.40847564094	6.85636931655	0.0	0.814874053853	4.70432887997	1.83096723113	0.398639886777	0.0	0.0	0.0	0.0	0.0	0.0	0.0	5.26517288951	4.23719647204	5.61884049552	2.53749244314	1.96666923344	1.81245603081	3.14662325349	0.889870335128	1.66827602836	1.86882123177	0.375114246377	0.403403766858	3.88083966598	1.11839401901	0.199605603393	0.419503327131	1.13226121925	0.230073483912	0.232391163951	1.06175341805	0.947326336105	0.338130725748	0.0798351133572	1.52156882587	2.77254364713	0.0861728774649	0.724893852323	0.848585174426	0.0266032084523	0.0	0.0154076042619	0.0601425010224	0.0685149851648	0.0	0.0	0.0	0.0	0.0	0.0	0.0
0.813149655583	0.0	2.77557547292	0.352557163049	1.84956614877	0.606770184774	0.0	0.0	0.0	0.403805683317	0.399296354174	0.764634854796	2.69815278762	0.834994341434	1.12781188583	1.77916306213	0.373938598989	0.0	0.232472975854	0.0	0.0	11.5846268001	0.0	0.381316807588	0.430209838303	0.547148286097	0.0	0.0547065446112	0.0	1.8004289581	0.0	0.400092054023	0.552989594987	0.0	0.407669732584	0.0	0.0	0.0	0.407050612702	0.0214117379339	0.0	0.154166300724	0.0	0.260243990579	0.0	0.982826653361	0.0	4.84491827995	0.739983419477	1.10408259034	0.880773242742	0.856599227332	0.0	0.350418583456	3.24316358413	7.5908457585	0.0	0.0970723295659	5.4786877596	1.32176644899	0.408281222467	0.0	0.0	0.0	0.0	0.0	0.0	0.0	5.40984337268	4.41733316115	6.71136852551	2.08312040442	2.02405331563	2.32080575928	3.1732073974	0.742345449028	2.28991516514	1.63812798892	0.507488643628	0.407812522557	4.66883971338	1.36113724152	0.122511616735	0.379547737924	1.37780333836	0.176466606489	0.163584988935	0.688156109319	1.02141046603	0.319859349259	0.077446447293	2.28617646585	3.38325035752	0.134037274546	0.772359683329	0.241385904161	0.0978122214254	0.0555969654422	0.0	0.00254459361678	0.00254416851686	0.0	0.0287375175427	0.0	0.0	0.0	0.0	0.0	0.0
0.0	0.0	4.70386559931	0.0	1.43176048679	0.0	0.11979444073	0.0753699356258	0.0	0.186610663448	0.364815124037	0.495671168528	1.96637166857	0.232301378982	1.04006905362	1.4532214941	0.0150276551094	0.187658963804	0.0	0.0	0.0	11.0227737477	0.0	0.725765946761	0.0	1.34280345655	0.0	0.0	0.0	1.41755948196	0.312786206347	0.240049781617	1.99718267904	0.0	0.469949859783	0.0	0.0	0.0	0.719035044472	0.121149641191	0.0845521887477	0.125570542694	0.077473576341	0.0844309687065	0.0	0.214927973075	0.156544353225	6.30271614292	1.44585149159	0.631312214646	0.0984591634761	0.956045525056	0.915466511258	0.0	2.55486086865	8.19856678751	0.0	0.763037259433	5.57173289439	1.35657546124	0.442102250315	0.0	0.0	0.0	0.0	0.0	0.0	0.0	3.98591735521	4.09128639104	5.52387187812	2.19074974485	1.70919158113	1.86665663467	2.89252798345	0.936572218435	1.71249158225	1.57325353491	0.339434815408	0.453865654315	3.81752929796	1.04159475414	0.227876077477	0.238610981127	0.853221890095	0.194356866081	0.0418536942303	0.705274039793	0.781616265749	0.228052077538	0.071561734331	2.43827182902	4.97452069134	0.937121118622	2.75629293715	2.23777476085	0.340047515617	0.076373575967	0.0321336509254	0.0267050390797	0.0205254569786	0.0	0.0610467207559	0.0	0.0	0.0	0.0	0.0	0.0	0.0
0.0	0.0	4.52797768626	0.0	1.52062199314	0.167710976156	0.0	0.32948678351	0.0	0.513257236425	0.0	1.23567395064	1.89847701688	0.260916547347	1.41877951369	2.29903153605	0.126547744462	0.853896187684	0.0	0.0	0.0	9.09241886515	0.0255097928522	0.647335219367	0.0	0.793629859846	0.0	0.0774558953694	0.0993849399441	2.10641327493	0.175238994637	0.0	1.63753826954	0.0	0.535347341967	0.0	0.0	0.0	0.283461752797	0.0705683467593	0.0500767518946	0.0	0.0	0.525452803964	0.0	0.0	0.386165592071	8.41384270209	0.628807103107	1.33473033065	0.463172936531	0.546868029642	0.0	1.7551871458	2.29419193703	7.07159767295	0.0	0.726654693361	5.07066767674	1.04686742874	0.51759289555	0.0	0.0	0.0	0.0	0.0	0.0	0.0	6.02190418478	2.47281310099	5.55046507992	2.26784054235	1.69239445848	2.33390772902	2.68805315755	0.783042681982	1.47459030243	1.77718734136	0.441797670845	0.571495594672	3.37760721839	0.707176417292	0.215202316572	0.375481844228	1.02863235242	0.113064577184	0.0458575317459	0.516925785684	0.547693869475	0.217818586044	0.0388626461575	2.34811572615	5.28575233333	0.492167240681	3.28315733746	2.40518081463	0.122301995319	0.0288535561774	0.110928826615	0.0776424863318	0.00437637391685	0.0	0.0	0.0287727481937	0.02438014608	0.0	0.0	0.0	0.0	0.0	0.0
0.0	0.0	2.25443688409	0.223130888323	2.01445447514	0.615652822963	0.0	0.0	0.0	0.474325617693	0.0	0.751291548024	1.97536647368	0.0	0.770760508749	0.0	0.156371045833	0.0	0.0856331871941	0.0	0.0	10.5942595952	0.0474355857694	0.841688991395	2.04484007627	0.214988488019	0.0	0.0	0.716935546742	0.542358900229	0.605176342574	0.0	1.13890564248	0.0	0.0	0.440195856419	0.0	0.0	0.358002413354	0.0	0.226362088444	0.0	0.112766084207	0.27263489017	0.0	0.719349146832	0.0	5.58048980815	0.792449309558	1.49946725593	1.32536324944	0.938292354998	0.847523071613	2.40444968969	3.62222573511	7.18370266795	0.0	1.03094211845	6.33549303631	1.3751808513	0.12787264477	0.0	0.0	0.0	0.0	0.0	0.0	0.0	5.3808386007	4.05461295123	5.70993941298	1.4693280548	1.45803845439	1.73484646471	2.53347369449	0.82976659095	2.02610247558	1.74948486525	0.462097457236	0.520990419433	3.18123691866	1.27512004757	0.185757606928	0.185468646918	0.985697476766	0.215612328043	0.0714435706648	0.281732650509	0.894629153369	0.27454897024	0.030482145137	2.5415376948	5.28208819702	0.613268342875	2.58781609652	3.67240173698	0.302710251291	0.0280273290454	0.0	0.0	0.0913991714092	0.101392931782	0.0	0.0	0.0	0.0	0.00733439867357	0.0	0.0	0.0	0.0	0.0
4.6665381816	0.0	3.33155624408	0.131041573867	1.77221281706	0.0	0.0127606374028	0.0	0.0780227673485	0.0	0.0338953654137	0.408776350869	3.04933875729	0.507873956232	1.30318373901	1.26944194058	0.172833491911	0.285833486623	0.0	0.0	0.0	10.3109218174	0.154343302777	0.573008283183	0.975357194354	1.03497034156	0.0	0.0	0.0	1.3632997362	0.506340546303	0.457927958568	2.77661327005	0.0	0.291842826342	0.0	0.0	0.0	0.34102833404	0.00659838609119	0.0698786317297	0.365410342899	0.0	0.165490752255	0.0	0.642287449941	0.0	6.75049538407	0.670566828618	0.957451215191	0.344179903892	0.387472461866	0.739288905402	0.0	2.75488337107	7.52975464761	0.0	0.689829937716	5.37137564862	1.8993943111	0.580162312848	0.0	0.0	0.0	0.0	0.0	0.0	0.0	4.77400117658	3.74137332491	5.14571465919	2.14403929966	1.16593394543	2.3012674923	2.50406858281	0.743756925193	1.901733411	1.98643820703	0.480888427495	0.495665436803	3.57394123274	1.2328186423	0.201250730581	0.327594894668	0.860291559738	0.141541533376	0.0802221992456	0.627044880654	0.666725958797	0.175929691767	0.048012228753	1.85348241326	3.52373533509	0.21389090999	2.35392548984	2.02750240511	0.955621745277	0.196214320818	0.330720474522	0.193907990925	0.108559433919	0.0	0.0540697064696	0.0198908240691	0.0141464693379	0.0	0.0598307852	0.0407638440922	0.0	0.0	0.0	0.0	0.0
2.89502916391	0.0	4.42229812284	0.0	1.78922948327	0.417756299352	0.0	0.0	0.0	0.0	0.0	0.0	1.46667797642	0.402619383723	0.965974161027	0.0708736655316	0.261266264547	0.503956234457	0.0	0.0	0.0	13.6887740467	0.0	0.0	0.31811120813	1.0550696953	0.0	0.043500905437	0.0	1.71857230368	0.122313984676	0.0791504051414	0.666183887606	1.80529207863	0.086042387151	0.246075768934	0.0	0.0	1.07383180988	0.0931665870935	0.0	0.0	0.0	1.14883466821	0.0	0.468401924725	0.770121077589	6.64317708145	1.81131127689	0.0927430772158	0.00802295288297	0.56814619592	0.0	1.06443935259	2.30897813317	7.59125780764	0.0	0.642239334521	6.52273611623	2.27298834357	0.13165058198	0.0	0.0	0.0	0.0	0.0	0.0	0.0	5.03794354504	5.44027222885	4.20877618451	2.04627660904	1.39804999625	2.13106978455	2.37280671473	0.670527286352	1.1998040535	2.3832947117	0.548477781599	0.297147754184	4.44638631588	0.707473535681	0.271453301604	0.251436047385	0.860067051612	0.0740160746242	0.0973167558949	0.810658325882	0.706385975996	0.188590145535	0.0729646529278	1.92291724466	3.7610983138	0.22635149463	2.01428821827	2.10776819127	0.39622626557	0.239623370796	0.411366601197	0.236374371735	0.131103382137	0.0	0.0497435436341	0.0	0.0	0.0	0.0451304209664	0.0	0.0	0.0	0.0	0.0	0.0	0.0
0.557145183516	0.0	3.36679800468	0.0176620476475	0.601827290214	0.0	0.171078625645	0.00576841236468	0.0	0.0930529539487	0.0	0.750192262454	2.60487689047	0.0801996320219	0.397712609617	2.12585581866	0.0770596715513	0.230557784561	0.0636621695429	0.0	0.0	10.3320500488	0.0	1.63691024538	0.0	0.694437954096	0.0	0.0	0.0	2.2915248435	0.363211454446	0.337515850593	1.95518429308	0.0	0.621316343135	0.278144791694	0.0	0.0	0.0	0.165191774762	0.055630568339	0.0405036960715	0.0	0.0	0.0	1.12538441869	0.32481524869	6.91781453698	0.62822209417	0.733927810016	0.0	0.917175737485	1.06679075991	1.26820869011	2.21456683196	7.65693114777	0.0	0.415304162254	4.02817460382	1.55340873285	0.751349162628	0.0	0.0	0.0	0.0	0.0	0.0	0.0	5.92696288846	5.3843238071	5.65806984815	2.62604839365	1.49050372342	2.59989738972	3.02185545297	1.04316860637	1.88503428257	2.06819481002	0.64623569687	0.521853978226	3.8432430761	1.35389520295	0.325400598777	0.307503146094	0.978159096626	0.202160830304	0.119319417886	0.853065527874	0.905029435664	0.2361605854	0.0930935489547	2.04857580708	3.849269077	0.292457693839	2.24720383686	2.62032139278	0.717487407551	0.294380494128	0.636830995462	0.210562731563	0.0585072937702	0.133115969954	0.148606472277	0.0	0.0116657167487	0.0144959821729	0.0	0.0	0.0985451247719	0.0116495017463	0.0	0.0	0.0	0.0	0.0
0.0	0.0	4.17533813153	0.0	1.4459861685	0.0	0.0	0.0168938892953	0.0	0.0	0.160919814236	0.460830806221	2.49627320035	0.401114015781	0.744175840858	1.02720999554	0.139605977649	0.266096997398	0.0	0.0	0.0	11.8642461005	0.0	0.907020094787	0.0	0.766861957226	0.0	0.00820292708671	0.0	1.44067336935	0.364239941686	0.505770359026	1.55758975063	0.0	0.52536043589	0.309747790409	0.0	0.0	0.498451920198	0.226568843727	0.03147984296	0.103218291475	0.0628586499363	0.484050522504	0.0	0.242182441227	0.325245387929	5.38727113749	0.83154238687	1.38427417838	0.992050401173	0.94903064806	0.250446279903	0.481231722955	2.92705073138	8.51829623622	0.0	0.849268344032	5.11283838143	1.62367494004	0.677067531601	0.0	0.0	0.0	0.0	0.0	0.0	0.0	5.25513555865	5.11322118138	5.87534105936	2.65519317491	2.19143684915	2.56545558927	2.98342672236	0.657668854707	2.08073806687	1.88859569763	0.495418520684	0.453548327387	4.02396975576	1.17918621121	0.301290231764	0.39387677694	1.04422371282	0.191186529391	0.0997476880304	0.614345181644	0.741968361211	0.194718728825	0.0462432765964	1.94863728802	3.88615017782	0.128157939482	2.04433727271	2.44280880891	0.575562907852	0.290331713518	0.68163677087	0.676337891719	0.257847078719	0.0	0.233349042641	0.0615704701426	0.00540432313477	0.0124587460054	0.0107297198822	0.00202464047585	0.0676986331614	0.026052667829	0.00996228720503	0.050749179875	0.0	0.0	0.0	0.0
0.0	0.0	3.42124343358	0.0	1.22094166924	0.0	0.268912771199	0.0	0.0	0.0	0.121826236952	0.655205779827	2.20065276432	0.225735095824	0.1998207686	1.73257091444	0.117287807439	0.344353193119	0.0	0.0	0.0	11.2386794963	0.518630524454	0.956555627552	1.00880197196	0.907669522788	0.0	0.0	0.0	0.943755828924	0.185221510163	0.296011138298	1.41213134877	0.0868426556992	0.298048108079	0.296133988284	0.0	0.0	0.241801534103	0.17730997101	0.221394396289	0.345452993002	0.220215036415	0.397633817413	0.0311540546634	0.462698680445	0.154824913419	5.52521910825	1.42634684723	0.649545320434	0.578204578074	0.359698911477	0.811630083075	0.0	3.00969597766	9.22288671223	0.0	0.777075306776	3.97735607403	2.18007246651	0.639063291556	0.0	0.0	0.0	0.0	0.0	0.0	0.0	5.19825094327	5.39132432259	5.90604236746	2.63007781832	2.09297767584	2.77158930316	3.20414995684	1.02696505001	2.08049377717	2.28539585524	0.355619121913	0.560378459984	4.43228712531	1.55643913331	0.275681220475	0.593614646423	0.911709532356	0.255861422597	0.218222526628	0.707022734278	0.815748482634	0.22306632611	0.0365427230862	1.96318958974	3.49633402554	0.132037995858	1.92126849423	2.51827263029	0.569595718996	0.362153571213	0.481873808391	0.619861253613	0.466448530043	0.087030791679	0.315133616249	0.108389256391	0.0177560350983	0.0	0.000177114581031	0.0177456220995	0.0624191423149	0.0799216384404	0.00886009315108	0.083314872077	0.0924434450993	0.0	0.0	0.0	0.0
3.56070865924	0.0	4.56760256288	0.0	1.69361843792	0.00210113139892	0.0	0.0	0.223417638618	0.0	0.125226308016	0.621811560493	1.66554624061	1.00646674368	1.45108126113	0.640449658708	0.0	0.0155749365094	0.0	0.0	0.0	10.2809614161	0.108180265647	1.40730326533	0.431685258688	0.500139412137	0.0	0.058924120361	0.0	1.29702047588	0.0	0.0	1.67543463966	0.0	0.353171606201	0.0177136863048	0.0	0.0	0.909692592942	0.133769507198	0.0	0.0	0.0	0.487146433381	0.0839002339707	0.408839280874	0.682397474694	3.57587165779	1.3500496708	0.0	1.15898644908	1.35261027055	0.905797413315	0.0	3.52503726265	8.86709735141	0.0	0.596133582951	4.02359901494	1.20428428475	0.514640430749	0.0	0.0	0.0	0.0	0.0	0.0	0.0	5.3981690834	5.71068025348	6.05210142081	2.59132695201	1.9456900138	2.70232954139	3.07949290529	0.837117879887	1.84869402308	1.71353683602	0.282405832973	0.310975990239	3.66839544894	1.50767405572	0.36697760488	0.552395707136	1.23142428215	0.214127499508	0.160703004621	0.682057634727	0.904872293403	0.21273981964	0.0773663385961	2.1097335981	4.74820154559	0.171163703619	2.10680719837	2.31360217858	0.717113071372	0.175666583189	0.314532509899	0.413731560406	0.284755212749	0.1264322679	0.388299022839	0.0867095777019	0.0	0.0127447067804	0.00514584970754	0.0	0.122213768304	0.0839113259696	0.010167539827	0.0202956440577	0.0735729929591	0.179953522778	0.0	0.0	0.0	0.0
0.0	0.0	3.99137858928	0.0	1.2458703718	0.0	0.0	0.0	0.0	0.0	0.0632695564895	0.249783354297	2.02203589193	0.115689884095	1.61969693333	1.6842068267	0.111811317495	0.156317193915	0.208279728568	0.0	0.0	9.74895499683	0.0	1.1623228604	0.0934744903815	0.829401354654	0.0	0.0237532305557	0.0	2.15904057784	0.310794648019	0.628789985297	1.16375205025	0.0	0.52885617558	0.0765810141198	0.0	0.0	0.854300912092	0.0	0.202216679192	0.0	0.0765568571223	0.484444190151	0.0753300862486	0.0681903249832	0.561532382218	5.02830878259	0.52166857632	0.0	0.735782874287	0.996809347428	0.200657779352	0.105328674162	3.56961883268	6.7560696048	0.0	0.988797078253	5.63710081995	1.67618622752	0.578755250446	0.0	0.0	0.0	0.0	0.0	0.0	0.0	6.26876465495	6.3333697483	5.44537993966	2.80763811109	1.95124279921	2.68280712394	3.15411847544	0.883128659126	2.15125797864	1.92373000204	0.59164056912	0.381406860754	4.61624752499	1.87165560741	0.260943173149	0.443912794322	1.29011456724	0.214267807952	0.101584934547	0.965254120675	1.08297009856	0.237388315573	0.0769956100771	2.18085327559	5.61244402248	0.290582500099	2.52516784016	2.61550073087	0.663036991774	0.23109321622	0.313766077713	0.280707881115	0.258045523448	0.054539122388	0.275224361679	0.0983071988842	0.026064210318	0.0420980306682	0.0800683087609	0.0039795856905	0.0559556982422	0.0	0.0	0.0858473051663	0.191379350307	0.067802980023	0.0	0.0	0.0	0.0	0.0
0.0	0.0	0.737161182824	0.0	0.620421585544	0.17211359599	0.0	0.410809190428	0.0	0.337480792136	0.0	0.561850786909	3.88942790938	0.774806381947	0.732157182941	0.415139990327	0.0	0.567574786776	0.31503599266	0.0	0.0	10.6740477513	0.0	0.0	1.56458396354	1.17272877268	0.0	0.0	0.0	1.89611995582	0.0	0.0733085982919	1.29404396984	0.245096394289	0.248385594212	0.383248791071	0.0	0.0	0.0	0.262749593878	0.0	0.0	0.0	0.0	0.0	1.09898037439	0.387677990968	5.01830388307	0.362794791547	1.10871117417	0.0	0.451100389489	0.769305582076	0.0	2.72255993657	6.85504784028	0.0	0.628280385361	4.5231838946	2.2060079486	0.419914790216	0.0	0.0	0.0	0.0	0.0	0.0	0.0	6.74603984281	6.54523184749	6.91312783892	2.73046793638	2.87398793304	2.61235193914	3.07563592834	0.891035979239	2.48762394204	2.03105995267	0.871133979702	0.715609183326	4.98385188388	1.90754395555	0.441694789709	0.66311398455	1.17861837254	0.36012479161	0.364646391504	0.585370786361	1.01109117644	0.33861239211	0.0504873588236	2.24769594763	5.26449587734	0.23136719461	2.37688794462	2.00036395339	0.675255584267	0.300621592996	0.439853989752	0.341709592038	0.253006794104	0.0	0.155843996369	0.0904973978914	0.0	0.0	0.00564956386836	0.0452057989468	0.0536257187506	0.0	0.0	0.0479683188823	0.132350396916	0.00556843187026	0.260903993921	0.379690791154	0.412813190382	0.0	0.0	0.0
8.44497632932	0.0	4.74530491076	1.01724689512	1.64068723084	0.0	0.0	0.0	0.0	0.0	0.379183710906	0.0	0.0	0.386104910192	1.91487320258	0.0	0.0	0.0	0.0	0.0	0.315318707491	8.07446226752	0.0	0.0	0.194185619979	0.631730044868	1.43188965237	0.0	0.0	0.0	0.0	0.0	0.248440804386	0.0	0.256330003572	0.0	0.0	0.0	1.37005865874	0.0	0.0	0.796290027903	0.0	0.226248196674	0.51271203714	0.0	2.49026444325	5.55556922722	1.66082162877	1.338453462	0.048370229013	0.0	1.01254604561	2.16448407684	2.90920270007	4.20594746637	0.0	0.549269763371	4.38586234782	1.69237842552	0.325149956477	0.0	0.0	0.0	0.0	0.0	0.0	0.0	4.66098001945	6.63324351611	6.6100962185	2.09343288417	1.42374635321	2.89842160118	2.00847879292	1.11817661472	1.57503263762	2.6983844218	0.542664374051	0.435506785099	4.87956649692	1.23004957318	0.361184962762	0.681966819689	1.41862805374	0.266093492566	0.139906235576	1.00629760625	0.808525546641	0.297283659349	0.0989560887976	3.04740888581	4.27226755952	0.0562597911996	1.94483279949	1.22873067331	0.607294097389	0.223303056977	0.372497251596	0.177828841666	0.221972057115	0.0	0.464920672067	0.132146506375	0.0	0.0956604121374	0.139486365619	0.0	0.322181826783	0.00748700732809	0.0	0.0512592247152	0.0223823356924	0.131126476481	0.138957595674	0.0655755802391	2.46543524582	0.0	0.0	0.0	0.0
0.0376570084255	0.0	4.52864005118	1.04489219181	1.81827582054	1.02411925157	0.0	0.391948184429	0.0	0.0	0.452899385118	1.65788241874	1.1944288135	0.366847904146	1.0884315523	1.13642391284	0.0	0.277563423137	0.0	0.0	0.0	6.27448447091	0.0	3.35578083792	0.0	1.17651067329	0.107360123213	0.108478985226	0.12649082143	0.205983582328	0.274545143102	0.545525446165	3.03346903428	0.0	1.0442748718	0.0	0.0	0.0	0.331311743744	0.0	0.151704561714	1.16018829311	0.450707045093	0.0	0.351589363974	0.640229167235	0.0	3.36168563799	0.689209727788	1.49380461688	0.0	1.22646601386	0.728404668231	0.0	2.71382903067	6.40962387243	0.0	0.10443065918	3.74182544229	0.601191606793	0.0	0.627293507088	0.0	0.0	0.0	0.0	0.0	0.0	4.91525805555	6.8054528769	6.74243987619	2.8845192326	2.26639402561	3.07590063476	3.38815963828	1.21484063373	2.46705962788	2.74188903099	0.366836924146	0.903179430207	4.63831805241	1.11853261264	0.329568363725	0.732230588274	1.96681082223	0.383944984338	0.315380983564	0.989263851179	1.54715521748	0.434317564908	0.161244961821	2.67000663017	5.21787905896	0.415767464698	1.63111561843	0.899274210161	0.934372390558	0.308941823492	0.801921869062	0.661391287474	0.198700182245	0.155709821759	0.291531203294	0.0101725797149	0.0540754026111	0.115643679307	0.139947421581	0.0858562809701	0.234998842656	0.0879029529933	0.00242144382736	0.0	0.19021508215	0.0291988703299	0.170194881923	0.160498321814	0.0871558249849	0.0	0.0	0.0	0.0	0.0
2.81565407765	0.0	0.0	0.0	0.0	0.0	0.0	0.0	0.0	0.737719449342	0.43446914483	1.72628014106	3.73300024005	2.90081926488	0.725383781193	0.622759976586	0.0	0.403009439549	0.0	0.0	0.213139288029	9.35259879711	0.258742761189	0.409874068518	1.00070693989	0.348984157652	0.0	0.0	0.0	2.75378508693	0.0	0.134226189866	0.790148191477	3.25747001138	0.0	0.0	0.0	0.0	0.0	0.0	0.2926661561	0.7913289913	0.0	0.0	0.0	0.0	0.0	5.55679476648	2.59431561085	0.0	0.0	0.441344843798	1.1053540942	3.00813674877	1.56521166522	6.9860176521	0.0	0.971913874213	4.19004357149	1.16525385521	0.932346010148	0.0	0.0	0.0	0.0	0.0	0.0	0.0	6.74649978803	5.38768209185	5.959988706	2.72893909066	2.27756605837	1.35254469712	2.70106729484	0.543688208447	1.93791390931	2.68246969763	0.095779962633	0.593926320911	4.29507325574	2.05117229233	0.528068440789	0.680576117914	1.45012058249	0.516428952536	0.402357539646	0.696039675594	1.00393322941	0.229257205612	0.0635668824649	2.11871158219	4.26982135953	0.420873956869	1.82081792688	1.12140436179	0.82506911624	0.458423391237	0.561688025746	0.454867461769	0.253944531908	0.0	0.803204639519	0.0495335685699	0.247440292884	0.0533844519923	0.11053073542	0.0	0.492689956097	0.147513877874	0.0982680062598	0.165431285185	0.300795224881	0.0977324643401	0.101143007829	0.198519510222	0.684032417395	0.0	0.0	0.0	0.0	0.0	0.0
0.0427572896058	3.2601073975	3.45359691426	0.0	0.95743706811	0.0	0.951821110526	0.0	0.0	2.77417640655	0.0	0.914285086674	1.30726943761	0.0	0.0	0.0	0.0	0.0	0.884389939536	0.0	0.0	16.1611610474	0.0	3.04769548889	0.0	1.47532656532	0.0	0.732664844808	0.0	0.0	0.290986954817	0.0	0.0	0.0	0.0292801074037	0.0	0.0	0.0	0.0	0.0	0.0	0.0	0.0	3.44680171718	0.613555456049	0.618023174127	0.0	2.63915286463	0.0	1.67278408037	0.0	0.841542997968	1.07283513847	0.0	4.23573897778	2.58827568653	0.0	0.0	3.45472531377	0.400010187915	0.68242750642	0.246045654151	0.0	0.0	0.0	0.0	0.0	0.0	5.1076322027	6.69463311996	7.96470257358	1.53033294165	0.830554122695	2.72289002861	4.93645027634	0.781477423809	1.39085780165	2.8584219703	0.59916402224	0.82340800577	4.62746720927	2.06343351231	0.635167406751	1.01112532501	1.77424083672	0.764763470998	0.0	0.550357643236	1.73086565538	0.624085531519	0.016934052715	1.51545294806	3.6090184474	0.347382130556	1.00708292675	2.00103673915	0.477212554703	0.555581760989	0.884992579277	0.880192541341	0.438312531438	0.0	0.763182471679	0.00784153342657	0.0	0.0234640139058	0.139299060073	0.115699142226	0.868537786355	0.0210544469424	0.0	0.227806501998	0.426785496397	0.106521286175	0.21283350844	0.212554508559	0.212276748679	0.112038787801	0.0	0.0	0.0	0.0	0.0	0.0
0.0	0.0	0.0	1.90563686542	0.0	0.980042173646	0.0	0.0	0.287163654375	0.0	0.952278432891	2.82488655931	0.0	0.920970943316	0.0	0.295996151434	0.0	1.79762440139	0.891655953079	0.0	0.0	3.23671142217	0.290146153381	1.59316196947	0.0	2.25609924873	0.0	0.0	0.73879975398	1.00928591391	0.269456160271	0.719816010301	0.514389828709	0.0	1.3609495468	0.953829682375	0.0	0.0	0.0	0.0	0.0	0.0	0.640293536783	0.9594584305	0.0	0.0	0.0	1.24988458379	1.5018119999	0.0	0.0	2.85366154972	1.43462452228	0.0	3.83878622169	3.99932366822	0.0	0.286827404486	2.32444922596	0.0	2.25609924873	0.0	0.0	0.0	0.0	0.0	0.0	0.0	4.46508601313	6.82194772829	6.84133522184	3.61001129786	3.36927387804	2.68034910744	5.5925106377	1.92808685795	3.27423640967	3.92707369229	0.749763500329	0.182893689096	5.95777301606	3.32046139429	0.481251089744	0.739537253734	2.30537423231	0.251117416378	0.592054802846	0.488097337464	2.43006169079	0.342198636048	0.0	1.74469941901	5.18656077287	0.217013677735	2.36746171164	0.927819691036	0.83111222324	0.415261111717	0.20080993313	0.722024759566	0.411197363071	0.301698649534	0.715003511904	0.407212364399	0.101649091151	0.203113682364	0.405492364971	0.0	1.70133693345	1.19050710356	0.0	0.285691154865	0.580318556754	0.196926184424	0.0	0.0	0.196466184576	0.0	0.19600743473	0.0	0.0	0.0	0.0	0.0	0.0
0.0	0.0	2.83866660483	3.62255040616	0.539589960917	0.0	0.537807060915	0.0	0.0	0.0	0.0	1.04286420177	3.1201632053	0.502894980856	0.519437520883	1.31590620224	0.0	0.320881680546	0.0	0.0	0.0	11.3751036193	0.0	0.0	0.0	0.0	0.0	0.396312840674	0.0	2.20379040374	0.77102676131	0.245121660417	1.00340856171	0.0	0.0	0.718263001221	0.0	0.0	0.0411478200699	0.0	0.345039660587	0.0	0.0	0.0	1.01362464172	1.2375480621	0.267183000454	7.30685341242	0.692523721177	0.0731438821244	0.0	0.0	0.782442361331	0.944072641605	2.62146780446	6.51573721108	0.0	1.24283502211	4.11761700701	0.0	0.936326161591	0.744943501266	0.0	0.0	0.0	0.0	0.0	0.0	6.28110001067	6.83935561163	4.52389140769	2.04467760348	2.4646986042	4.33259820737	3.94885260672	0.786284101337	2.26837800386	2.69409420457	1.177021442	0.368723880626	4.46105520759	1.57012380267	0.218724660372	0.986452741677	2.35512900401	0.472981320804	0.30605526052	0.408906540696	1.16863110199	0.206666460352	0.0782797681331	1.70989560291	3.55127220604	0.0	1.32984180226	0.963659341638	0.697564981186	0.306827640522	0.413584920703	0.599303881019	0.703762921197	0.00165409020281	0.960971761634	0.067643604115	0.115914708197	0.0	0.250234740426	0.173101320295	1.04381298177	0.865746001472	0.17079930029	0.519829380883	0.977462641662	0.337640940575	0.0	0.120360366205	0.0561277080954	0.120142260204	0.00793971361349	0.0	0.0159290460271	0.0	0.0	0.0	0.0	0.0
0.0	0.0	0.0	0.0	0.0	0.0	0.0	1.70251122945	0.0	0.0	0.0	1.66569392882	0.952107586472	0.0	0.0	1.34244082323	1.54851102678	0.0	0.0	0.0	3.98703806897	3.46218515989	0.0	0.0	0.855088474793	0.0	1.05646475828	0.0	0.0	3.80453906582	0.0	1.24758325158	3.68326676372	0.0	0.0	0.0	0.0	0.0	0.0	0.0	0.0	1.12876458953	0.0	0.943676056326	0.0	0.0	2.03222863515	2.66360914608	1.87392313242	2.02733913508	1.35736332348	3.61958896262	1.87899043251	0.0	0.0	7.34292422704	0.0	2.27143313929	4.51116707804	0.0	1.40709652435	0.374865906485	0.0	0.0	0.0	0.0	0.0	0.0	4.00357346927	6.36896121019	8.31362334383	2.93714175081	1.99205853447	2.47191534276	3.20088265537	2.54642624406	2.37050584101	2.85628084942	2.55182374415	0.527792959131	3.85123696662	0.815790864114	0.0339406235871	0.965965826711	1.38866882403	0.214221063706	0.0	0.728394542601	1.34824472333	0.413156407148	0.178225453084	1.4220317246	4.17131507216	0.510466348832	0.924137105988	1.08623228879	0.977228186906	0.162270442807	0.162100262804	0.662251671457	0.803736023905	0.799564073833	0.0138557002396	0.159251652755	0.0	0.159086552752	0.660378421425	0.0127963932214	1.41427202447	0.780131803496	0.31095061538	0.0102275768769	1.85078373202	0.612019360588	0.0154844752678	0.152323802635	0.0	0.00756940333095	0.15202281263	0.0221724223835	0.0	0.166108382874	0.0	0.0	0.0	0.0	0.0
8.36720669285	0.0	2.22698247794	0.0	1.97102086899	0.97399427409	0.0	0.0	0.0	1.92554246739	0.951773473312	0.106789763738	5.48222739187	0.0	1.77530886213	1.72633606042	0.0	0.0	0.0	0.0	0.0	10.0265603509	2.17670407619	3.5457793241	5.35678738748	0.0	0.0	0.0	4.48181775686	1.87271686555	0.0	0.618063381632	0.615025941526	0.0	0.0	0.0	0.0	0.0	0.0	0.0	0.0	0.0	0.0	0.0	0.0	1.16970500094	0.0	3.42918412003	1.65045765777	2.16728327585	1.06972931744	0.0	1.06066307712	0.0	5.43175699011	1.63078405708	0.0	0.87830275074	3.50812172279	0.0	0.0	0.0	0.0	0.0	0.0	0.0	0.0	0.0	3.38213131837	5.86821140539	2.30867208081	2.37564168315	0.494378257303	0.910101791854	2.84389129953	1.48637445202	0.268042249381	0.259093769069	0.800840988029	0.629221142022	5.42926099003	1.20894724231	0.404386574153	1.07201923752	0.828623389002	0.661369623148	0.652884502851	0.913832991985	0.391151373691	0.256471048977	0.0	0.776448027176	2.98978570464	0.0	1.44654085062	1.02432771585	0.588977940614	0.352061452323	0.70116482454	0.349114892219	0.810833948379	0.318145291135	0.792825627749	0.446671375634	0.0	0.331313931596	0.900417311515	0.224096007844	0.548672019204	0.655933462958	0.221126407739	0.419194894671	1.42040324972	0.217099527598	0.216723207585	0.0	0.216161287566	0.215788807552	0.0	1.19045252167	0.317793291123	0.665753623301	0.0	0.0	0.0	0.0	0.0	0.0
10.601412989	0.999660941816	5.74995542286	0.0	1.49596132789	2.92973175878	0.0	1.43490563084	2.81252236443	0.0	1.37862293355	0.0	5.34106414255	0.0	1.29405053763	0.441186428734	0.0	1.23350568055	0.0	0.0	0.51824973502	7.89935331926	1.08168687786	0.0	0.0	1.04939688942	1.70833401766	1.00922758136	0.999660941816	0.610500210574	0.972021403148	0.0	0.590968321516	0.0	1.80283941311	0.0	0.0	0.0	0.0	0.0	0.0	0.0	0.0	0.0	0.0	0.0	0.0	6.37686959263	2.37006528576	3.83545361513	0.0	3.70085502162	0.0	3.21851114486	0.691566386666	4.35612339004	0.0	0.637243199285	2.90430586001	2.18838169452	0.594162361362	2.42006568336	0.0	0.0	0.0	0.0	0.0	0.0	4.02621880593	4.69766377357	3.25178024326	1.79219691362	1.32450743616	1.37516573372	1.94055980646	0.0289797196032	2.8112581645	0.923514825486	0.0119169162256	0.188561870912	3.13026224912	0.475976437057	0.163759042106	0.831079879942	0.484376916654	0.491671866301	0.319699394591	0.155584312501	1.29009023782	0.0	0.0	1.26196823917	2.78950876554	0.0	1.22100945115	0.139286453287	0.446564438475	0.2966625757	0.0	0.278520016575	0.294590835801	0.0	0.732897984675	0.291738645938	0.0	0.0	0.145366222993	0.126497393903	0.433709589096	0.144174263051	0.0	0.14397689306	1.00237639169	0.0	0.426690699434	0.141847103163	0.0	0.0	0.0	0.0	0.0	0.17303930166	0.0	0.139594763271	0.926568255339	0.480165066856	0.0	0.0	0.0
16.5981431537	5.52197204918	5.29651300634	1.71852232652	0.0	0.0	0.0	0.0	0.0	0.0	0.0	0.0	1.2215647321	0.0	0.0	0.0	0.0	0.0	1.53548229175	0.0	0.0	8.62486463873	0.0	0.0	3.8647707343	0.0	0.0	0.0	0.0	1.25360063818	0.0	2.47144346957	0.0	2.23666342497	0.0	0.0	0.0	0.0	0.0	0.0	0.0	0.0	0.0	3.31285562945	0.0	0.0	0.0	2.10974440085	0.0	2.07599639443	0.0	2.02733738519	1.99613737926	0.0	4.8599989234	8.31402157967	0.0	1.65284631404	0.0	0.0	0.0	1.7357733298	0.0	0.0	0.0	0.0	0.0	0.0	5.4089760277	5.36763601985	2.3452654456	2.17531641331	1.79303834068	1.43763127316	3.05238757996	0.0	1.04470619849	2.05039938957	0.234106644481	0.461136087616	2.72745251822	2.10697540032	1.20695402932	0.0	2.4979244746	0.466715688676	0.465042588358	0.0	0.231071143904	0.460912487573	0.229843943671	0.74647574183	1.42906427152	0.406487977233	1.93135836696	1.04838519919	0.38337007284	0.0	0.211486640183	0.632398120155	0.210116439922	0.0	0.417864279394	0.0	0.0	0.0	0.0	0.41452587876	1.84914635134	0.407368077399	0.0	0.0	1.01286009244	0.0	0.153186829106	0.602074314394	0.200072638013	0.199764537955	0.0	0.0	0.0	0.0	0.0	0.0	0.0	0.0	3.55225067493	0.0	0.0	0.0
0.0	0.0	6.34790703635	0.0	2.20841135617	0.0	0.0	0.0	0.0	0.0	1.09178163665	0.0	6.38432504058	0.0	0.0	0.0	0.0	1.00866998701	1.0017374662	0.0	0.0	3.66238052483	2.19075255413	0.88603432278	0.0	2.53488959404	0.0	0.0	0.0	0.321329937275	0.807493263669	0.0	1.6016847858	0.0	0.0	0.0	0.0	0.0	1.4430961674	0.0	0.0	0.0	0.0	0.0	0.0	2.80300732516	0.0	1.20424907969	0.0	0.29620675436	0.220179585541	0.0	1.27295334766	4.00853496498	3.62887072096	6.42699174553	0.0	1.59876348546	7.42146526089	2.16887555159	0.163419898957	1.73379830112	0.0	0.0	0.0	0.0	0.0	0.0	5.12175999412	6.7879360874	8.96016523938	2.47884778754	2.54789789556	4.50469752255	3.89005855124	0.0	1.8775839178	0.0	0.648398985214	0.0	4.22772419041	3.45757510108	0.640207554264	0.877545521795	2.19787895495	0.995049915425	0.334026458747	1.5819299835	0.351563430782	0.713901612813	0.24516783844	1.69424939654	2.10357204401	0.0	1.00384656645	0.56129314511	1.29285224997	0.306131315511	1.19160888823	0.331130048411	0.988899464713	0.0	0.590677758518	0.541226562782	0.108004534529	0.0	0.538030162411	0.0	0.257375729856	0.478295465482	0.0	0.317658006848	0.954701910745	0.10474459915	0.209263354274	0.0	0.0	0.20896336424	0.104369677107	0.0	0.0	0.0	0.0	0.0	0.0	0.0	0.235379517304	0.0	0.0	0.0	0.0
2.63399326248	0.0	4.63140350321	4.45658275215	0.0	0.0	0.0	0.0	4.29449999755	4.14378243975	0.0	0.0	0.0	0.0	3.87200771584	0.0	0.0	0.0	0.0	3.74906295026	0.0	6.74958051012	3.23542469408	0.0	0.0	0.0	2.9896671629	0.0	0.0	2.91583958357	0.0	0.0	0.0	0.0	0.0	0.0	8.14706411882	0.0	0.0	0.0	0.0	0.0	0.0	0.0	0.0	0.0	0.0	2.53957368892	2.4861005039	0.0	0.0	0.0	0.0	3.52520421294	6.74958051012	6.38456101232	0.0	0.0	3.24589229115	0.0	0.0	0.0	0.0	2.43484491825	0.0	0.0	0.933736058554	0.0	8.38206365303	1.03573374999	5.85794715978	1.8868206717	2.19795778458	4.94153741638	1.46063239102	0.0	3.99987608003	1.02339175345	1.59503475339	0.267334245147	3.65023457794	0.0	0.0	0.409309445394	2.82611920869	0.0	0.398265008486	0.416349003423	0.782025861033	0.389079131058	0.0	0.966186929467	3.77302094355	0.0	1.84224428417	0.0	0.0	0.0	0.713509960217	0.355144580559	0.707101362012	0.0	0.348849502323	0.0	0.0	0.0	0.0	0.0	0.14410699965	0.142599560073	0.343771463744	0.0	0.684555768324	0.0	0.0	0.340794864577	0.0	0.0	0.0	0.0	0.0	0.0	0.0	0.0	0.0	0.0	0.0	0.0	0.0	0.0	0.0	0.0
