11.4296751995	0.0	2.06859913118	0.0	0.0	0.0	0.459137807162	0.0	0.139490341414	0.447623811998	0.0	0.0	0.444835813168	0.0	0.0	5.01063789554	0.0	0.0	0.0	0.0
15.4324869446	0.0	1.18656983396	0.0	0.917255212766	0.0	0.0	0.0	0.0	0.228425502791	0.0	0.558990851546	2.04831572174	0.0	0.527965437584	0.0999904949956	0.0	0.0	0.0	0.0	0.0
0.349371	0.0	8.861424	1.1003564	0.0	0.6306388	0.4009896	0.0	0.0	0.5095882	0.0	2.984652	2.85296	0.0	2.54683	1.76319	0.0	0.0	0.0	0.0	0.0	0.0
2.58361532525	0.0	6.41286577157	0.619717157745	0.620517558465	0.0	0.619859757874	0.154882599394	0.0	0.0	0.204760214284	0.612543451289	2.12846101561	0.049775494798	3.17512985761	4.63386017047	0.0	0.149548894594	0.793319013987	0.24114371703	0.0	0.0	0.0
0.0	0.0	4.32316627073	0.297861480854	1.12972754811	0.138869464452	0.0	0.0	0.0	0.188557604577	0.389915844034	2.07834636866	7.92551682979	0.0	0.89354844258	4.23446230622	0.0948186820726	0.189602804159	0.0	0.516969393211	1.59863696055	0.0	0.0	0.0
0.0	0.0	10.0581969825	0.0	0.0	0.792389762283	0.0	0.0	4.74919857525	0.58713232386	0.398379880485	2.7273241818	1.09756217073	0.0	2.53222424033	1.66924699922	0.0	0.0	0.0	0.388344883498	0.0	0.0	0.0	0.0	0.0
0.0	0.0	3.09979837198	0.0	2.78285833394	0.0	0.0	0.0	0.0	3.2559543907	1.07977232957	0.725709487084	0.0	0.53141406377	2.11900545428	3.38694240643	0.0	0.522878262746	1.56477118777	0.222062906648	0.0	6.70883280506	0.0	0.0	0.0	0.0
0.0	0.0	3.78513070783	0.0	0.671349725542	0.0	0.0034903446527	0.0	0.0	0.707734932346	0.203173417993	1.89319715403	6.77127726622	0.257447478143	5.10337895434	7.01857031247	0.0283302952977	0.00620408816016	0.031278155849	0.037449277003	0.0	0.481987890131	0.0	0.0	0.0	0.0	0.0
0.0	4.1953200564	4.95036734665	2.33381740621	1.09432017134	0.0	0.0	0.0	0.0	1.26886360727	0.351816869292	0.187837263433	4.54428372838	0.0	0.856558394835	4.0088122317	0.0	0.0	0.247599847256	0.0	0.0	0.665676974264	0.894610359068	0.64697859184	0.0	1.75313715205	0.0	0.0
4.44598711012	1.59423626375	7.97560381584	0.0805738376269	0.359083566596	0.0	0.358654366875	0.0	2.73712842087	1.48097103737	0.0	0.0	3.79038453625	0.0	1.01299254156	1.88055887764	0.0	0.0	0.0	0.333905782961	1.44952345781	0.0	0.0	0.193141034458	1.30725535028	0.0	0.0	0.0	0.0
0.0	0.0	7.57226750115	1.28839157483	1.42161253087	0.39081887103	0.0805706734116	0.0	2.09655830814	0.650858785218	0.874715711343	0.979895676633	6.39095789097	1.14533362204	0.0880676709378	2.21692726841	0.214623829174	0.0	0.0788375739837	0.708215766288	0.0	3.31037890758	0.0	0.0	0.490967837982	0.0	0.0	0.0	0.0	0.0
0.0	0.0	14.1105151779	0.442047511591	0.655011268997	1.30669933866	0.0	0.0	0.416519016697	1.88710912258	0.0	0.0	1.78630954274	0.0	1.89434142113	0.0	0.0	0.626323874735	1.24960975008	0.0	2.3840173232	2.46334940733	1.16863156627	0.0	0.0	0.0	0.609515678096	0.0	0.0	0.0	0.0
3.52297585907	4.52361581904	4.12607983494	2.07586551697	0.472591981098	1.25605114976	0.0	0.0	0.0	0.0	0.462335981507	0.0	2.51531509939	0.452518381901	1.80444152782	3.42067186317	0.0	0.0	0.444195182234	0.0	1.87954872482	0.272430069103	0.437225582512	0.436697582531	0.0	0.0	0.0	0.0	3.8974398441	0.0	0.0	0.0
0.360043323136	0.0	12.8143333825	0.0236738120965	1.44803389523	0.0	0.24038099221	0.240253612167	0.0	1.89478144801	0.0	0.1178361103	3.48938819338	0.0	2.93948920531	2.89332878952	0.682836233531	0.227383937765	0.717558845404	0.0	0.0	2.15122783572	0.0	0.38301133099	0.25886132853	0.0	0.442906351473	0.0	1.67467137274	0.0	0.0	0.0	0.0
11.9727189457	0.0	6.88026994615	1.73714057648	1.04023958709	0.354262791267	0.0885046678532	0.0	0.0	0.416557554564	0.0	0.931500851158	3.69790582118	0.337865960929	1.28127564507	3.70208781873	0.0623512032627	0.0	0.0	0.0622458033249	0.0	1.16621291287	0.0	0.0316328673619	0.00276848916881	0.158567746572	0.0156683467682	0.0	0.0602224645169	0.0	0.0	0.0	0.0	0.0
0.0	0.0	8.00824980494	2.95434827261	1.36084981651	0.489629293776	0.0	0.0	0.0	0.931928059157	0.111404716843	1.62234197341	6.23045873828	0.395241237146	1.78345407007	5.40788824475	0.424634254779	0.0	0.583488850095	0.0	0.0	2.60374956225	0.0	0.705050923031	0.702460921477	0.0	0.137065682239	0.0	0.370436722261	0.0	0.177318856391	0.0	0.0	0.0	0.0
0.0	1.71773926996	9.47281997405	5.92977347986	1.01478916872	0.306614389689	0.0	0.8374100441	0.0	0.229605742418	0.412963024489	2.07326071886	4.11616625062	0.0	2.65421047196	5.32961773492	0.0	0.0	0.0224501304587	0.195981036708	0.0	0.0	0.0	0.55939296226	0.746171682876	0.190650878973	0.0	0.0	0.0	0.190383039087	0.0	0.0	0.0	0.0	0.0	0.0
3.53321768704	0.0	6.61341491679	1.96673068048	1.01137248142	0.337184593787	0.0897593817257	0.0	0.00526280434221	0.0	0.330944915753	2.52386540498	6.76677986847	0.386246578333	3.50101289718	5.56801724609	0.125138030582	0.0379971380309	0.0	0.0	0.0	1.83226532284	0.0	0.526428434173	0.621536904215	0.0969011194761	0.0367130904354	0.0	0.0366955154409	0.0967719895168	0.0	0.576959318256	0.378783680682	0.0	0.0	0.0	0.0
0.0	0.0	9.39451779641	0.814591302603	0.906691959428	0.133022502075	0.0	0.0388356439617	0.601080570869	1.38369105374	0.685725623092	3.56976780255	7.03946634336	0.57880115712	2.71437207477	5.61260346298	0.0831109912795	0.102750923397	0.0522994322688	0.0	0.0	2.60046700449	0.0	0.510119914743	0.411821454095	0.0	0.0	0.0	0.0307029929438	0.130539960543	0.230260002071	0.164264221351	0.210495809876	0.0	0.0	0.0	0.0	0.0
6.04211720233	0.0	8.09620929098	1.56365902874	1.49807269398	0.667422953734	0.0	0.0	0.0	0.506715568558	0.612327624535	2.48974181957	4.80803954826	0.595116915413	2.56008225685	5.7413490429	0.0	0.0	0.145865537309	0.231368012625	0.0	1.6767863887	0.0	0.0	0.962742810253	0.0	0.0	0.112983449881	0.0	0.0	0.0704820073554	0.295955166856	0.225411539468	0.0975511417023	0.0	0.0	0.0	0.0	0.0
2.04901222539	0.0	12.3590413595	3.44868437936	0.7763520854	0.183519220187	0.0	0.0	0.0	0.0	0.385964042456	1.04278811471	4.2710404698	0.0	3.28355236119	5.96084065568	0.0	0.0	0.592832065212	0.0	0.0	1.97478821723	0.0	0.718172079	1.01654411182	0.236445626009	0.101392411153	0.0	0.472208051944	0.0	0.117966012976	0.454492049996	0.0	0.336193636981	0.0	0.218170823999	0.0	0.0	0.0	0.0
5.54733865349	0.0	6.48644325624	2.46707965643	1.33292993617	0.0	0.0	0.0	0.0	0.609813242048	0.233328031302	2.53051892959	7.4591268448	0.0502307187526	4.32447317074	5.93503448949	0.0	0.0	0.0	0.12302536796	0.0	0.955705495736	0.0	0.407849787479	1.03305196302	0.0763267977137	0.0323691173078	0.0	0.135737412583	0.0	0.0380881638887	0.0923069509541	0.0761287677974	0.130243824907	0.0	0.0380369959104	0.884812425723	0.0	0.0	0.0	0.0
0.0	0.0	7.53341302064	3.17532138721	1.44070061271	0.187722755596	0.182193456315	0.0	0.0	0.0	0.710564307625	3.71806211665	7.48175302736	0.0	4.11859926458	8.27882892375	0.0	0.0	0.0	0.0	0.0	1.93429714854	0.0	0.0	1.93959334785	0.163454318751	0.163409378757	0.0	0.0	0.326504177554	0.0	0.0	0.159895659213	0.326056037613	0.0	0.0	0.159631059248	0.0	0.0	0.0	0.0	0.0
0.0	0.0	8.83427559942	0.373203510016	2.08914054304	0.0	0.0171098514652	0.0	0.0	0.932464824326	1.08556652535	2.62561784743	7.84075929493	0.136072388663	3.73139009932	8.00274050761	0.0	0.0	0.00674713885899	0.0	0.0410131958503	2.0736476227	0.0	1.02511274597	1.27897217929	0.253634113022	0.380484709577	0.126453276033	1.26324705864	0.630514127866	0.0	0.125869765267	0.0	0.12596307539	0.0	0.0	0.0	0.0	0.0	0.0	0.0	0.0	0.0
4.04888944377	0.0	11.0746257609	0.588108493509	1.39090622115	0.416563026234	0.0	0.0	0.0	0.0152570464259	0.136492421702	1.76495028063	7.47590918866	0.130847660805	2.87271645676	6.06465296426	0.129168620538	0.0	0.0	0.387035941539	0.0	1.49990743848	0.0	1.21521859322	2.44704278908	1.11848017784	0.0	0.0	0.614697697737	0.0	0.0	0.0	0.370660458935	0.123496139636	0.0	0.0	0.0	0.114373178185	0.0	0.0	0.0	0.0	0.0	0.0
1.89292965711	0.0	5.54067045986	2.43181370184	1.00435508336	0.0	0.0108174158978	0.0	0.0	0.955219579281	0.459576038146	2.88036023907	6.88846557172	0.521028043245	4.42255536707	9.45351078462	0.214106867771	0.0	0.0	0.0	0.0	1.37383211403	0.0	0.1301238108	3.29837877377	0.618840051363	0.679563056403	0.0673650055912	0.335170377819	0.61435805099	0.0	0.202338466794	0.0656131554459	0.33988007821	0.0	0.0	0.133595561088	0.133488011079	0.0	0.0	0.33204467756	0.0	0.0	0.0	0.0
0.0	0.0	7.91474876105	1.28538997475	1.18856471224	0.0	0.312629356066	0.0500971488619	0.303939508406	0.0	0.802721860134	2.08207204346	7.02400602591	0.356303534049	5.81811773826	6.79667434874	0.0530544846626	0.0	0.307985202661	0.0	0.0	3.62840584766	0.0	1.47628050368	2.61616348505	0.443448570303	0.601389346028	0.1679577215	0.901962119213	1.31315093533	0.0	0.0	0.246905569394	0.0	0.0492995099949	0.0	0.0985498000593	0.160181892542	0.0	0.0	0.0	0.0	0.0	0.0	0.0	0.0
0.0338679627986	0.0	6.45305258057	1.43346230683	1.6354259937	0.0	0.439767221415	0.0	0.0	1.02995323305	0.113730592607	2.75524322091	7.81384349212	0.311335969763	5.39151064957	2.89822661161	0.0	0.0	0.0	0.0	0.0	8.37389545569	0.0	0.0	2.82331801648	1.19154862255	0.610111660341	0.0	0.984461936009	1.43905530646	0.0842014345268	0.0743464751675	0.0	0.425663932332	0.180221018286	0.0900816041447	0.0	0.170295558931	0.153701270009	0.0	0.0	0.0	0.0896778741711	0.0	0.0	0.0	0.0
0.177498256507	0.135560652607	5.61240052195	2.10361459564	0.589296054806	0.535785649829	0.0	0.0	0.225524180974	0.64012325953	0.752457669979	1.87052177396	10.0362249334	0.300689787964	3.13339709141	4.64747563222	0.0325722270292	0.00400344037232	0.329213310617	0.0	0.0	5.90054454874	0.0	3.34953151151	1.79547376698	0.733387268203	0.506721647126	0.174807376257	0.935875287038	1.9849057846	0.0489187245494	0.100044009304	0.0	0.151087214051	0.215359220028	0.0407562757903	0.0	0.0	0.0	0.0714556866456	0.0280720826107	0.142848493285	0.0	0.638121659347	0.055730405183	0.0	0.0	0.0
6.45408105049	0.0	5.62622642882	2.23132178029	1.41577105299	0.0930646774695	0.0705183177732	0.0	0.283342860512	0.413320691112	0.709480475767	2.02994167232	6.95814382015	0.210648453734	1.32825709299	3.06546309909	0.0	0.0	0.224279757504	0.0776527145127	0.0	8.76643899376	0.0	2.12710372791	1.94887120937	0.443884917144	0.580791834577	0.188675393775	0.678821189781	0.722293969912	0.159149967268	0.0	0.393343400242	0.91403088229	0.0278333102802	0.0	0.0	0.0	0.143545924399	0.058975883048	0.062619521383	0.0	0.12518563279	0.312777147061	0.154143149557	0.0	0.0	0.0	0.0
0.0	0.0	2.58985442764	0.447855401024	1.36987969726	0.282314437609	0.0265598941302	0.0	0.2099569536	2.29868449199	0.52347488431	2.86354936716	13.4999470165	0.272742439724	4.1846240752	5.56309877055	0.0	0.0185858458925	0.152050966396	0.0	0.0	3.07464932051	0.0	1.70567462304	2.41434946643	0.69733984589	1.06365476493	0.0	1.57161465268	2.26238450002	0.0	0.0	0.0	0.85587481085	0.190897957811	0.108709975975	0.864099809035	0.0	0.497932389957	0.0	0.0808609821295	0.0	0.0404157910681	0.268362440692	0.0	0.0	0.0	0.0	0.0	0.0
0.0	0.0	5.7777891738	0.214348889348	0.842999279451	0.0	0.0	0.0	1.13507113768	0.949069064284	0.686179401876	2.89639668581	12.405748226	0.432753808116	3.17285744628	6.53554706542	0.107282054659	0.0	0.0	0.212078369673	0.0	4.17330390322	0.0	1.96046011965	1.96329571925	0.603901113642	1.44802749293	0.168261725939	1.27943681704	1.91017922684	0.0711715098224	0.0	0.206890650414	0.799302485699	0.238802875851	0.0	0.214226489366	0.0	0.0	0.0334655322144	0.0	0.0124468032201	0.0	0.234069056528	0.0	0.022895477726	0.291742398281	0.0	0.0	0.0	0.0
0.0	0.0	1.18832020985	1.04874173822	0.894738459181	0.0	0.136639950124	0.0	0.909979667002	0.547471880961	0.194531579834	2.97332512591	10.2651172681	0.410479890658	4.16684533843	5.92566304106	0.0241697164039	0.0	0.00226017075992	0.119726421444	0.0	2.28708077373	0.0	2.37630761952	3.6449678706	0.720023569517	1.69740567111	0.0128060985721	2.17858271805	3.15668762001	0.0	0.294644631212	0.0	2.0005814267	0.197426421319	0.0943946084432	2.03166184265	0.870215246597	1.1708898009	0.171949008244	0.114841538937	0.0	0.0428952380138	0.0	0.0857615640128	0.042866273999	0.0	0.0	0.0	0.0	0.0	0.0
1.07454878153	0.0	5.30593739014	2.19485777506	1.2080081165	0.224383508789	0.0	0.0	0.0	0.881517430958	0.633254765911	2.27882039705	12.9200783851	0.545619242952	4.02793215532	5.65923548273	0.0	0.0	0.0	0.0	0.0	2.31093310547	0.0	1.18717381104	1.38804916367	0.386367981228	0.619135562212	0.11358697976	0.685162979511	1.11540649224	0.0	0.0702287284	0.275128372084	1.52530329963	0.465127591863	0.703850784408	1.69958324529	1.702265046	1.33187444895	0.103917127226	0.152662299998	0.012332149231	0.0	0.0558508846328	0.0217649857024	0.0217630247019	0.0435200604023	0.0	0.0548184443625	0.0	0.0	0.0	0.0
0.0	0.0	4.67150355894	1.19603014793	1.25830296604	0.0	0.0	0.0	0.445126989488	0.427514344364	0.334896757421	2.04832859586	10.1563769545	0.575823767508	3.24451534383	3.86004532289	0.0	0.0	0.0284852782864	0.00438864067666	0.0	4.03317477325	0.0	2.13155882007	2.35951988638	0.831098041769	1.22359175594	0.0280588941623	0.939319473245	1.71406309862	0.0	0.224700005365	0.806344434565	2.90175564412	0.494517563855	0.706925005643	1.87841754643	1.75129610945	2.87927003758	0.118186594381	0.240567909981	0.250885152983	0.00791548430261	0.104066670273	0.00685546399427	0.00790976030094	0.0135767919495	0.0656137990868	0.00790495429954	0.021567660274	0.0	0.0	0.0	0.0
3.98549911993	0.0	5.33192699827	1.071163801	1.14808682261	0.0	0.0	0.0168391347318	0.0	0.956664768823	0.479011084602	1.40136739378	9.68005772008	0.67213318887	2.63567224062	3.86415258583	0.131256436883	0.0	0.0	0.0656815684563	0.0	4.4156487408	0.346723947429	2.52158570856	1.6391544606	0.569272159968	0.553322155485	0.0214050160148	1.05049479519	1.39546039212	0.0	0.0	0.766727715451	1.98722755841	0.0284693279999	0.637527179146	1.80144850621	1.56449193962	3.01038184592	0.341510495965	0.238744617087	0.170374647875	0.0	0.466545331099	0.0	0.0	0.0	0.0	0.0	0.0339705945457	0.0	0.0	0.0	0.0	0.0
2.04240475773	1.53214376843	5.23583954249	2.54367774371	1.06318279444	0.193851351919	0.207177116863	0.0	0.217506880695	0.754499479922	0.550840284362	2.37404808077	11.1655081424	0.359194773262	4.17937675055	4.76640816834	0.0850690715605	0.0	0.386069743232	0.0	0.0	2.45959931251	0.0	1.86979029369	1.93340071729	0.846580314082	0.601809823272	0.0474795616149	0.648138640458	1.24338526129	0.0	0.0	0.638288236807	1.47771734823	0.105523639149	0.334910364252	0.664585846562	0.651862641842	2.26043523862	0.528960516244	0.361510374121	0.638265836796	0.0324675800455	0.837054710548	0.0	0.0	0.129156207917	0.0	0.0322790839755	0.0	0.0	0.0	0.0	0.0	0.0	0.0
11.9228667826	0.0	4.88732487035	2.52522662474	1.67698071333	0.0	0.284666688063	0.0	0.75653856692	1.11997074319	0.611473496565	1.64488399777	5.76982779836	0.500693942837	3.46961448277	4.14055040817	0.0	0.0	0.0	0.0989075879701	0.0	4.67403646691	0.0	1.25643450937	1.87345980863	0.596465389286	0.692806836009	0.238935565884	0.545571204602	1.5105235326	0.0	0.0	0.497487121281	1.200010182	0.0	0.0159343007281	1.09885223294	0.696717037907	1.11933804288	0.159038627134	0.127150531668	0.254087313232	0.0	0.633971407475	0.10333991012	0.0	0.111604914128	0.0	0.0315726573128	0.0631320906193	0.00837102405994	0.0	0.0816325895916	0.0	0.0	0.0	0.0
3.18760597067	1.51199685016	5.61203601318	0.56365236237	1.2699975461	0.193830283347	0.0693024897998	0.0	0.122111512508	3.66661077664	2.46272745898	1.87582520661	4.82347347409	0.606094460623	1.75641475526	4.90241730804	0.149701544372	0.0	0.714142707081	0.257956850922	0.771835331888	5.96936256685	0.0	3.39954966181	0.957580411759	0.765698929249	1.01915323824	0.0	0.294818186772	0.36446577672	0.0	0.0	0.78113853589	2.82157941328	0.162501569875	0.0778261734654	1.16479710086	0.613437263778	3.03959570702	0.240737803517	0.12027813172	0.61802506575	0.0598769057468	0.741831918988	0.119085651207	0.0	0.0	0.0	0.0	0.0	0.0594616255687	0.0	0.0	0.0914654593304	0.0	0.0	0.0	0.0
2.45360355398	0.0	5.60427442329	1.56246163437	1.28575162828	0.556775342249	0.0	0.0	0.0	4.6274645018	2.27965975015	1.40503193091	5.27981571615	0.290553176392	2.54944315609	3.97772698751	0.0	0.0	0.0	0.0	0.0	5.37186161818	0.0	2.50657375515	2.93155076449	1.09581292411	1.18954032617	0.0	0.971641521376	1.3000296286	0.0	0.0881005719382	0.86876911911	2.25394754959	0.419276429224	0.460974680142	0.82687911819	1.58843343495	2.33911995146	0.158700563492	0.473787120424	0.53498900177	0.021453639472	0.698359415364	0.104190462292	0.0180408433969	0.0597156713139	0.65991501452	0.0	0.0	0.0	0.0	0.0537189111818	0.132056162905	0.0	0.0	0.0	0.0	0.0
2.72871707512	0.282453111287	6.7667426661	2.1025268284	1.32337852141	0.266094104841	0.130374651368	0.0	0.618372243636	2.13859884261	1.40008855163	1.63551664439	5.81810629234	0.24032889469	1.69368066731	2.46389497078	0.0253362099824	0.0	0.0524369006602	0.0384322951423	0.0	5.80657428779	0.0	2.51910699253	2.02191079663	0.697830274944	0.708294279066	0.0823620324504	0.962070379056	1.15631445559	0.0	0.22703108945	0.704442277548	2.92689115319	0.286384912835	0.301791718906	1.0725784226	1.15522245516	2.65996304803	0.417159764361	0.578383427883	1.68673866458	0.0238398093929	2.21323887202	0.124730449144	0.0	0.11799424649	1.45452657308	0.109361443088	0.0198912078371	0.0	0.0	0.0936036368796	0.146683857793	0.0	0.0	0.0	0.0	0.0	0.0
1.69405538814	0.0	8.95656893729	2.61119648172	1.05348219263	0.0	0.0628409795602	0.0	0.0	3.78107277353	2.46145368277	0.826190094217	3.30951837683	0.345145317584	1.88934688678	3.89070807276	0.0528467396301	0.0	0.266526688134	0.0568805476019	0.0	6.02783085781	0.0	3.83167227318	2.41843038307	0.669407895315	0.34428155759	0.0	1.25573379121	1.33790689064	0.0	0.0	0.547966046164	3.9426495724	0.24429401829	0.130274649088	1.00397459297	1.75963648768	2.5998809818	0.378298207352	0.287924877985	0.670719395303	0.0953997293321	0.417048457081	0.0729236694894	0.0	0.109252829235	0.835144894156	0.329874577691	0.0	0.0	0.0	0.0470742486705	0.0954021693321	0.0705391795065	0.0	0.21862460847	0.0	0.0	0.0	0.0
4.66400318676	0.0	6.86897615129	2.50309359752	1.21903091698	0.0870225312413	0.0	0.0362833096704	0.0	3.1427844391	1.84869636418	0.954911064965	4.76296133132	0.204374205489	1.95490230467	3.29589335331	0.031431316389	0.0	0.214768499665	0.2423715042	0.0	6.42772239854	0.0	2.66949530428	2.43457743591	0.644781038732	0.713737400094	0.110242138231	0.67965601919	1.95487750468	0.0	0.0	0.656852431968	2.53394478023	0.274749126058	0.571270159918	0.700903407286	1.80580478821	3.51810122881	0.128192988174	0.602975082153	1.03288222127	0.0	0.570647060267	0.228206372136	0.00153953973739	0.222551975304	1.14429615885	0.0351974422789	0.0607462639639	0.0	0.0	0.0	0.0649672835986	0.119070313285	0.0446345809912	0.0158734791061	0.0	0.0	0.0	0.0	0.0
1.49451872715	0.0	6.93378569331	2.89332777571	1.41019945791	0.150353403455	0.0	0.0210187072585	0.0	2.28516937635	1.62614473523	1.64701665236	5.30989635995	0.157111419004	2.72017843354	4.48756298474	0.0	0.0	0.0	0.0	0.0	6.67680848232	0.0	2.31163569808	2.34290892376	0.695129970774	0.426592250275	0.0	1.0968183006	1.62044323055	0.0197809452422	0.0	1.68414888286	4.96362917563	0.0910168047337	0.416894652312	1.00610452611	1.54496286857	2.93603551078	0.241682688446	0.709330182429	0.976815802066	0.0437573159292	0.40038926876	0.253761058363	0.0433141735653	0.138425603661	0.906570744383	0.176098374594	0.0794455852327	0.0549729001382	0.0	0.0	0.0	0.0	0.0062423538256	0.0	0.0	0.0	0.0	0.0	0.0	0.0
3.44242626749	0.0	5.50716266784	5.43744745432	2.31777964941	0.63223308259	0.243104047138	0.0	0.0	2.79767094247	1.20490263363	1.03495060068	5.09720418835	0.286258615505	2.18329642334	3.55075268849	0.075703694679	0.226940844004	0.263675571126	0.0	0.0	8.59596966675	0.259607090338	4.40099925336	1.85216035914	0.832569761434	1.17786902839	0.189193636685	0.136767386519	0.456192088456	0.0	0.0	0.944224183085	4.31980883761	0.638235643754	0.0	0.0	0.459685209133	2.45918127684	0.0702144136147	0.702598536237	0.0	0.0	0.542863465261	0.0	0.0	0.0554805867577	0.487769694579	0.158440350721	0.00200135078806	0.214727081636	0.263104691016	0.315273661132	0.0540551144813	0.0	0.0	0.0	0.0	0.109498261232	0.0	0.0	0.0	0.0	0.0
4.43296033506	0.0	9.11579363266	3.55843746623	1.52014177198	0.0	0.0	0.0	0.175834723625	1.33230480016	0.937442859385	0.96892235466	4.59818381027	0.16220162567	1.57392926391	4.8179552773	0.0403654489452	0.0	0.0	0.0789301381603	0.0	11.6498182525	0.0	2.14774267784	1.41699328745	0.813832377924	0.492662226101	0.0619311457103	1.09956583506	0.895244865717	0.0	0.221944416708	1.95009720749	4.47847332823	0.374518893822	0.347647897853	0.7073298939	0.37360109396	1.75555873667	0.24959931256	0.55633036655	0.0	0.0	0.141047378843	0.0939009359152	0.0	0.0	0.248792012681	0.122725831591	0.169337974599	0.352816697078	0.168824474677	0.443402633489	0.275368558694	0.0461457680781	0.0	0.0313424102986	0.0	0.0	0.0	0.0	0.0	0.0	0.0	0.0
3.86350263559	0.0	9.09645290915	2.75748748187	1.28548901111	0.473804251527	0.0765917044946	0.0	0.101086952329	2.44469358184	1.05974913892	1.39138604498	6.60884611358	0.457028366162	3.03829777168	4.82502394309	0.0618358817757	0.0	0.19045626091	0.0	0.0	8.25138863888	0.0	2.43366497831	1.57940690511	0.726515032346	0.719545430116	0.0317081921406	0.843196469663	1.86397919612	0.0	0.0	1.20144458423	5.07246462223	0.315078160765	0.132430362353	0.419766074245	0.833065466422	1.27007140618	0.0	0.333079006522	0.664864412632	0.0	0.108266434625	0.0331038285869	0.0	0.0688862020308	0.170505114529	0.101510672464	0.000423600675472	0.0	0.236964495784	0.272262627072	0.505090241533	0.0	0.0147440087153	0.0	0.0	0.0648417867371	0.0	0.0	0.0	0.0	0.0	0.0	0.0
3.99360112141	0.0	15.7218815412	0.0	0.0	0.0	1.27689241908	0.0	7.49033035213	1.22085363141	0.0	8.33814816561	3.18743719876	0.0	5.51666488634	0.0	1.07287076397	0.0	0.0	0.0	0.0	3.32131656931	0.551630308642	0.0	0.0	0.0	0.0	0.0	1.14612184785	2.89676446271	0.0	0.0	0.0	0.0	0.575109783476	0.0	0.0	1.60470324696	2.08788704067	0.0	0.0	0.0	0.0	0.0	0.0	0.0	0.733428738644	2.18385781955	0.0	0.0	0.0	0.0	0.0	3.37624985722	0.0	0.0	0.704250245063	0.0	0.0	0.0	0.0	0.0	0.0	0.0	0.0	0.0	0.0
6.81373465088	0.0	7.6405464872	1.78753604607	1.31705773922	1.0772693867	0.22949451456	0.0	1.52306369843	2.82958143974	1.54979449314	1.51864369931	9.77343406486	0.534965414077	2.54882309533	6.74013146545	0.0	0.0	0.793940642798	0.0	0.0	6.77402945874	0.0	2.6030122846	0.624350036379	0.691505463082	0.225516515348	0.0	2.24401315569	0.744144252658	0.0	0.622990036648	1.72535685838	0.0	0.397785641238	0.0	0.537789453517	0.0	0.580448565071	0.15919068848	0.0	0.704112660586	0.0	0.384653483839	0.0	0.0	0.0676609386031	0.382709364224	0.0	0.0	0.0	0.0670890587163	0.470534066835	0.22277679589	0.312587778108	0.156144289083	0.467835827368	0.155746489162	0.0	0.0	0.0	0.0	0.0	0.0	0.0	0.0	0.0	0.0
1.38907389866	0.0	11.4583502885	2.88115102689	2.04473278684	0.440928756547	0.0	0.0	0.368348325716	2.4066378907	0.900215658364	1.52667373816	5.28169621585	0.396896393909	2.71780038001	2.93441904218	0.0	0.0413330818626	0.00968415277932	0.0349142170204	0.00980159081306	14.2387060865	0.0	1.15697853206	3.05416167654	0.813275633413	0.949937072633	0.0	0.297998665526	0.62895381051	0.0518312968756	0.0	1.21215784789	3.21170252176	0.350115760483	0.121326874821	0.120414694559	0.90668096022	0.217598462451	0.0747173614438	0.0900284658384	0.0	0.0	0.13487985871	0.0898877057977	0.0	0.0	0.0284252481581	0.403723945869	0.342986678437	0.342486428293	0.223501414145	1.73792419879	2.33055156887	0.700377801011	0.307743538322	0.018268445243	0.0	0.0	0.0	0.0	0.0	0.0	0.0	0.0	0.0	0.0	0.0	0.0
1.87263994569	0.0	9.57585972231	3.85314288826	0.810347976501	0.112642596733	0.0	0.0	0.0	1.35419196073	0.844248975514	1.5414349553	7.15812979238	0.118494596564	3.01748991249	4.39078487267	0.0525935884748	0.0	0.167125695153	0.0	0.0	15.0886395624	0.0	1.64429995232	1.37731996006	0.632037681671	0.549182184074	0.0884358974352	0.241525192996	0.927674973099	0.0	0.391985288633	1.28307196279	2.78437591925	0.131959796173	0.0	0.494281185666	0.235619993167	0.226619393428	0.130492596216	0.043484698739	0.118095596575	0.0	0.0403492588299	0.0434203687408	0.0	0.127113696314	0.241370493	0.389572388703	0.249722192758	0.199604994212	0.513843385098	1.28174196283	3.26127190542	1.75616694907	0.420362587809	0.175335294915	0.0	0.0	0.0	0.0	0.0	0.041895208785	0.0	0.0	0.0	0.0	0.0	0.0	0.0
6.63915375645	0.0537771929972	8.56181056151	2.98180536113	1.38414363578	0.0	0.0	0.0	0.0	1.11605500002	0.582124166258	2.87953706193	9.17461095751	0.557668950361	2.61243532519	4.19455516585	0.0649804139553	0.0	0.468757157993	0.0631836897262	0.000717901592435	11.5552386112	0.00824664187213	0.906576806479	0.798259313235	0.585981592457	0.349487215546	0.0	0.359245445928	1.05655705866	0.0	0.13434464759	0.195102127707	0.555587942412	0.0569777988427	0.170858491602	0.153819928395	0.063990461931	0.301249153089	0.0	0.0566063272088	0.282847391226	0.0	0.0	0.0	0.00353148681937	0.00705852904311	0.345697239281	0.281867592191	0.394102861572	0.287624266518	0.788305123047	1.5074066143	4.65232011467	2.66402387433	0.486507850498	0.224903638335	0.0	0.268446475419	0.16191108042	0.0	0.0	0.0	0.0	0.0	0.0	0.0	0.0	0.0	0.0	0.0
8.77709524111	0.0	7.93217454401	1.84323032066	0.821319077585	0.0	0.0	0.0	0.0	0.864022312822	0.497241770224	1.34780511194	4.38130441457	0.406634735474	2.06877050674	3.35782357021	0.100866323215	0.0919642358707	0.190428637103	0.303245530178	0.58542960298	8.89632733946	0.0	1.00805843165	1.36456672577	0.234502753465	0.371421666423	0.0	0.208895932339	0.595525451309	0.0708042104135	0.0225630906145	0.526225394136	0.972130402008	0.0294331202824	0.0	0.0207808731442	0.0460917740257	0.0373405268059	0.0293316001986	0.0	0.0	0.0	0.0752875821122	0.0229647069459	0.0	0.0	0.750319819013	0.47534583216	0.567298548022	0.63441268339	1.31588748561	2.59913734429	9.07474348663	5.55240698073	1.14323854317	1.28535226042	0.0165683656689	0.428746673716	0.0400667370551	0.0	0.0	0.0	0.0	0.0148677242658	0.0	0.0	0.0	0.0	0.0	0.0	0.0
4.96229172061	0.0	5.66799000931	1.71958067249	1.5497388752	0.0	0.0808358187064	0.0	0.0	1.08057518271	0.53248973148	3.52721394356	13.8624807782	0.644110379695	4.05563903511	6.78184589149	0.0	0.0	0.258283485867	0.0	0.987186284203	6.60771899427	0.0	2.02073486767	2.94162985294	0.597608650438	0.52187918165	0.0	0.656088219503	1.44556787687	0.0	0.024565156607	0.901345585575	1.48878387618	0.188649516981	0.238842856178	0.321429214857	0.222936156433	0.684768459043	0.0119187828093	0.0499878442002	0.0	0.0	0.0119054238095	0.0	0.0368803294099	0.0	0.133278287868	0.173285937227	0.0972235884444	0.00943765884896	0.295813515267	0.15814208747	2.42050476127	2.52088705967	0.965987084546	0.529517171528	0.0240375126154	0.850647086393	0.0928494285144	0.0	0.0	0.0	0.0	0.0	0.0	0.0	0.023940276617	0.0209458896649	0.0	0.0	0.0	0.0
6.07383895836	0.0	8.38390449462	2.8779119698	1.71341830109	0.374168442076	0.0930675854908	0.0	0.0	0.576642814022	0.760535044874	2.39076994106	7.37429283508	0.173028290208	2.04004692036	3.42972260235	0.122809667246	0.0	0.0	0.0	0.156973989261	10.84721664	0.0	2.00406071824	2.89144657059	0.631660337268	0.16796742991	0.0	0.363203861429	1.28370027574	0.0	0.102815606066	0.796602646997	1.75441430351	0.0655612658681	0.0492353849049	0.417583504638	0.481755568423	0.317447438729	0.0243764154382	0.0488548768824	0.0405205523907	0.0	0.0242247154292	0.0	0.0	0.0563749053262	0.762570044992	0.639676757741	0.290390077133	0.537595971718	1.15016726786	1.52736749012	4.35460425692	3.32843879638	0.952195056181	0.669419579496	0.0528931311207	0.620518896611	0.11626880686	0.0307484818142	0.0461173947209	0.0	0.0	0.0	0.0	0.0	0.0	0.0	0.0108731166415	0.0	0.0	0.0	0.0
0.0	0.238332786941	8.0575512489	2.43882787801	1.62822025238	0.476793073903	0.0	0.016135277501	0.0267426791451	0.910380141112	0.449733819709	1.61397025016	6.13404095077	0.630554347736	2.49305288642	4.49263569636	0.0	0.0	0.145318522524	0.0	0.0125546269459	11.6611518075	0.0	1.74543777054	2.19698284053	0.642559599597	0.720615861695	0.0402769562429	0.847575131378	0.972322650713	0.0	0.0	0.64639060019	2.25520534956	0.253233039251	0.0953505147795	0.666334603282	0.41077431367	0.497318327084	0.0572907838801	0.0	0.0436146817603	0.0	0.122603269004	0.0503740578079	0.0	0.258477790064	1.01429265721	0.121347768809	0.313023798519	0.206832032059	0.990045153457	2.30558285737	7.3561211402	4.39257068085	1.27218019719	1.50784523371	0.071116136023	1.28878519976	0.0	0.0	0.105444766344	0.0	0.0	0.0270827291978	0.0	0.0	0.0	0.0789952622445	0.0	0.0	0.0	0.0	0.0	0.0
7.61200680794	0.545648754552	6.68896415251	1.5491609574	1.54935095737	0.0	0.0	0.0	0.0	1.54648575782	0.546293994451	1.02770983906	4.99773641735	0.345239065936	1.45051297285	3.26790068825	0.0728458365923	0.0	0.193074169765	0.00297947313341	0.0	11.1295142571	0.18754897063	2.04092648039	1.38847418256	0.378120460786	0.419528294302	0.0	0.352609544781	1.35804378733	0.0757700881344	0.0850006666886	0.658881136819	1.57247015375	0.0937976653115	0.0	0.335588587447	0.311640991197	0.447087409986	0.0621222382716	0.0209039487265	0.13486881888	0.0	0.237871602749	0.0517738518922	0.0	0.207206367552	1.845469711	0.285148915345	0.293417714051	0.515875759214	1.01976024031	1.71728053107	7.25308166416	4.54238248866	1.58203095226	2.22737725119	0.0836395069022	1.23870860602	0.181435531587	0.0	0.0578213229452	0.0	0.0829289070131	0.05772639896	0.0	0.0	0.0	0.0	0.070255148998	0.0	0.0	0.0	0.0	0.0	0.0
2.09469980921	0.0	6.82142840174	2.56133509988	1.25128050682	0.324321614012	0.0	0.119073542101	0.0	0.977160571048	0.433837918352	2.61748348673	9.8091817017	0.497029493546	3.04605768631	4.63621511374	0.032091282481	0.0	0.0193731184608	0.126440900375	0.0869853396196	7.86562515708	0.121649961498	2.09962780805	2.63687208218	0.591929661311	0.964809773943	0.0	0.863855097598	1.41467446854	0.0	0.0418961521837	0.93004428209	2.42912613085	0.213777359912	0.208776211083	0.689293828499	0.565488637506	0.40623188482	0.0166528630983	0.0166518620985	0.128276579945	0.0	0.226827316855	0.0252843300759	0.0	0.359344285806	1.45486845912	0.249180411617	0.219895008479	0.195332784234	0.818833208147	1.47324065482	4.63241131462	3.52586767389	1.94929304328	1.59691802584	0.0	1.7123486988	0.267102927417	0.0	0.0485594996225	0.0	0.0451715774163	0.00511520890151	0.0	0.0	0.0	0.0	0.0	0.0591882691322	0.0125782550529	0.393428327819	0.0699553306095	0.0	0.0	0.0
3.96715173529	0.0	6.70475779474	1.85389691746	1.46264876605	0.116479785078	0.0	0.0263838222105	0.0	0.968768174915	0.625818422192	2.97832975261	11.91216461	0.504875475387	4.08040777912	6.12013196849	0.129852110253	0.0	0.0553532674217	0.0	0.0	7.33832863993	0.0	3.06648538673	2.51004877139	0.709014814388	0.94308276497	0.0	0.63524472584	1.29946490289	0.0	0.0	0.791567706337	2.03013798566	0.209221820969	0.141677694829	0.66969031917	0.323246165096	1.03148019918	0.0651758892231	0.0279281448082	0.136527352836	0.0	0.0759746814022	0.0216860363925	0.0	0.182378890581	1.5165389869	0.22925144872	0.0773921759508	0.0506881636163	0.302357757012	0.869240136398	2.52554737739	2.90717032507	1.74021187346	0.602172713041	0.0273528945855	2.07069020136	0.106545701233	0.0171482286364	0.0	0.0	0.0	0.0	0.0	0.00855730531165	0.0	0.0	0.0196546036063	0.298963975699	0.0239372732637	0.232297349899	0.658898234994	0.0	0.0	0.0	0.0
0.0	0.0	5.27974380317	1.29388570077	1.55020120093	0.0655688150393	0.0	0.0	0.0	0.495828490298	0.538877170323	4.01218880241	16.8500680101	0.708152840425	4.74970120285	7.3294936044	0.0360604190216	0.0	0.212897100128	0.0	0.0	7.6584101046	0.0	3.25909760196	3.88172030233	0.929790500561	1.1726918007	0.0695839900417	0.952921700569	1.660034901	0.0	0.0454577850273	0.931449500561	2.6626160016	0.286760520172	0.169436040102	0.446791610268	0.582310580349	0.734268660441	0.0264349800159	0.0463624140278	0.00660929010397	0.00868849900521	0.0	0.00761021220457	0.0	0.0	0.164446400099	0.0544064310326	0.0246927930149	0.0	0.0	0.164572010099	1.22422350073	2.13753460128	2.17969690131	1.12123120067	0.0	2.59438370156	0.0	0.0	0.0	0.013240400008	0.0	0.0563081980338	0.0	0.00392635530235	0.0	0.0	0.0	0.298947850179	0.0288799510173	0.162910640098	0.108884910066	0.0	0.0	0.0	0.0	0.0
0.0	0.0	5.01655385713	1.29726448025	1.6677366174	0.00210942478091	0.0	0.0	0.0	0.652117841414	0.495898583582	4.03848149505	17.4004064416	0.773200286238	4.94916183218	7.32556271192	0.0888552328944	0.0	0.0610216225902	0.0	0.0	6.47397039666	0.0	3.51878530266	3.9670494686	1.09553640557	1.09733640623	0.0193398471596	1.02780038049	1.96021672567	0.0	0.133400049385	1.04610438726	2.69282499688	0.267905699178	0.194260071915	0.620211429602	0.597779421298	1.0091923736	0.0387837743578	0.0630699433485	0.0169122462609	0.0	0.0	0.0	0.0	0.0	0.0	0.0	0.0	0.0	0.0	0.092446434224	0.25278249358	2.452736908	2.95744909485	0.367630536097	0.0339709725761	3.75657739069	0.0	0.0	0.00567096209939	0.0	0.0	0.0644572238621	0.0	0.0	0.0	0.0	0.0	0.290442507522	0.0273495301248	0.0216512080153	0.0679849851681	0.0	0.0	0.0	0.0	0.0	0.0
1.23688588422	0.0	5.40478032016	1.22671228682	1.59898009178	0.0	0.00202981088179	0.0	0.0	0.625027430431	0.510444859683	3.93800839463	15.6236000113	0.799768685819	4.86227485866	6.76568527272	0.0813871592219	0.0	0.211523345998	0.0	0.0	6.49205114258	0.0	3.39307293375	3.71698375105	1.09271402103	1.09827871961	0.0632492388525	1.03833873491	1.94977480222	0.0	0.051605815825	1.10283901844	2.58749573941	0.258187434085	0.206238907348	0.687239464548	0.742501700439	1.17550409989	0.0531657944267	0.0831294687772	0.0	0.0	0.0	0.0	0.0	0.0	0.0	0.0182780503336	0.0	0.0	0.0	0.0538044792637	0.368105216023	2.7626176947	3.5926487828	0.474988738736	0.026690141186	4.48723685441	0.0	0.00502101861813	0.0	0.0	0.0	0.162110118613	0.0	0.0	0.0	0.0	0.0	0.191205311185	0.0315065619564	0.086099738019	0.0602080946289	0.0	0.0	0.0	0.0	0.0	0.0	0.0
2.12917927452	0.0	4.69028536416	1.14195663997	1.65188185782	0.0857342830004	0.0	0.0	0.0	0.702701484594	0.495976197359	3.53876752385	14.6681605134	0.696719584385	4.66435696325	6.7858446375	0.0795486947842	0.0	0.100333563512	0.0	0.0	6.25646081897	0.0	3.42445951986	3.94811973819	1.05661923698	1.15814344053	0.00904402631652	1.06639363733	1.87547946564	0.0	0.187161726551	1.10146503855	2.63409429219	0.276762309687	0.196583526881	0.83172602911	0.769676626939	1.30156964555	0.0398358473942	0.0628709602005	0.0565107119778	0.0	0.0	0.0	0.0	0.0	0.0	0.0183196206412	0.0	0.0	0.0	0.184919026472	0.0526900858442	2.91059010187	4.05384234188	0.122338264282	0.0608029201281	5.50788279277	0.0	0.0	0.00296298810371	0.0	0.0	0.527801218473	0.0	0.0	0.0	0.0	0.0	0.226358547923	0.0	0.0497169297401	0.0879146630766	0.50943731783	0.0	0.0	0.0	0.0	0.0	0.0	0.0
5.3621889096	0.0	1.57215245098	0.982553781876	1.61859924067	0.535252771174	0.0	0.533141251643	0.0	0.645553936687	0.0	2.6865102036	5.08072767208	0.0	3.06221792019	2.03452874833	0.0	0.0747163344129	0.148029637138	0.0	0.367516448411	6.81628218679	0.472445855117	0.236354067529	0.726062258814	0.405250730035	0.0	0.0	1.20491903251	1.59003064701	0.0	0.117573623899	0.391175593159	0.0	0.387808283907	0.386698574153	0.770093749039	0.383407624883	1.14373974609	0.0	0.0	0.0	0.0	0.409272079142	0.0	0.0	0.0	0.0612934943928	0.0	0.0	0.0	0.0	0.77437073809	0.529291712497	0.722734789553	0.417631837286	0.0	0.0	3.06015952065	1.04636416771	0.0	0.331659626372	0.0	0.0	0.0	0.0633696559319	0.0	1.32282050634	0.0703465513831	0.0	8.57829709565	0.272757029448	0.0	1.33249000419	3.39445024643	1.88551058141	3.93905462553	9.41900390898	5.63359054934	0.0	0.0	0.0	0.0
9.03763959328	0.0	8.42057589416	0.526916623075	0.393316368219	0.0	0.0	0.0	0.0	0.347422150597	0.0	1.48508567587	7.57167230805	0.0	4.1288079868	4.81015685457	0.0	0.0	0.0	0.0	0.0	6.28850573372	0.0	3.62443023272	4.72094049807	0.608599863246	0.691616182768	0.0	0.632982531358	0.0790526974539	0.015685060352	0.0156436483721	0.592106471289	0.0	0.0	0.0	0.339696674364	0.903721959344	2.89641938771	0.0	0.0	0.295914215712	0.0	0.855136383032	0.568237882927	0.00787185456169	1.41233331134	2.80490143233	0.0	0.0	0.284286941382	0.82463095791	1.36299173541	1.32176455551	3.60574864184	3.53110627824	0.757517510634	0.0	6.51601122279	0.0	0.228902408388	0.0	0.0	0.0	1.05939908343	0.0	0.0	0.0	0.0	0.0	0.0	0.0	0.0	0.0	0.432251189234	0.0	0.0	0.0	0.0	0.0	0.0	0.0	0.0	0.0
0.0	3.37977026024	3.34501375757	2.22566567138	1.37829210613	1.00266007721	0.0	0.0	1.04255058027	0.0616346097459	0.652399700235	2.35076868101	10.5177308099	0.305033573487	2.77746871387	9.1181207021	0.0	0.0	0.0	0.284336921894	0.0	3.48305376819	0.0	1.25357159653	4.9598438819	1.22260609414	3.10115723879	0.229209317649	0.444456534224	3.31294325509	0.471415136299	0.705470304321	0.653162150294	2.70981720866	0.689356003081	0.0	0.874786067362	0.0	0.906304069785	0.0	0.0	0.451931434799	0.0	0.0	0.0	0.0	0.0	2.10839116235	0.0	0.0	0.0	0.362116177883	0.418562132229	0.0	1.20462009275	4.57314485213	0.0	0.0	7.37069056754	1.5986206231	0.379336329209	0.0	0.0	0.0	0.0	0.0	0.187616264447	0.0	0.0	0.187197214414	0.532717991019	0.186503614361	0.0	0.0	0.186089664329	0.185951964318	0.0	0.528666040707	0.0	1.0792450831	0.0	0.0	0.0	0.0	0.0
7.70008493597	0.0	3.04651462511	0.745141601555	1.39969255209	0.347326368855	0.347329808854	0.0	2.39289763427	1.34360337004	0.329073734696	3.98563432459	10.3661786828	0.618777541991	3.49551188143	4.26550403504	0.0	0.0	0.0	0.0	4.44411737788	8.28417954906	0.0	2.66642914674	2.84356329006	1.21197181217	0.0	0.0	0.725433847861	0.358779845191	0.235363004684	0.823004256639	2.89416567387	2.43391102115	0.0	0.669496885761	0.825411395868	0.975540687829	1.75289443907	0.218090770211	0.0	0.0	0.0	0.0	0.0	0.0	0.86921892185	0.0	0.216302830783	0.0	0.0	0.0	1.50180891942	0.0	3.87081576134	2.78330310934	1.25177259943	0.0	2.33419405306	0.0	0.186316360379	0.0	0.0	0.0	0.0	0.0636902036191	0.0	0.0	0.0	0.183400961312	0.12559091981	0.0	0.0	0.0709797332865	0.434121841081	0.0	0.0	0.181508101917	0.0	0.181351581967	0.0	0.0	0.0	0.0	0.0	0.0
0.0	0.0	4.23134910381	0.0	2.42796973005	0.0	0.0	0.0	1.90184596687	0.0	0.393198212476	3.78966753472	16.2465528627	0.0	5.99052378066	8.05492053615	0.0	0.681049002327	0.0	0.0	0.0	5.44862691859	1.35410270521	5.38486462306	1.99673686023	2.28214034025	0.188786506785	0.0	0.655795514094	1.48743019588	0.0	0.460082067794	1.38474410306	0.88525103803	0.273313090868	0.81828801272	0.0	0.884024338117	1.7799850754	0.0	0.534485332586	0.0	0.0	0.0	0.532383412734	0.0	0.165723678399	0.294803829364	0.0	0.0	0.0	0.846204570766	0.0	0.558805310884	3.61692034681	3.73675413843	0.0	0.0	4.70098377093	0.0	0.0	0.222537284423	0.0	0.222354584435	0.378752733488	0.221083514524	0.0	0.220903424537	0.0	0.0	0.187740766858	0.0	0.468032127238	0.654696704171	0.217881044748	0.0	0.0	0.0	0.0	0.21770530476	0.0	0.0	0.0	0.0	0.0	0.0	0.0
0.0	0.0	4.28083851507	0.0	1.09899662416	0.422421052412	0.0	0.0	0.544138232938	0.452942087529	0.489522801676	3.13767469797	11.506438159	1.11362222182	6.66767973317	6.47595416384	0.0	0.0	0.727204603647	0.0	0.0	6.68978532964	0.0	2.8956131367	4.47836328346	0.713503885839	2.40157241575	0.0	1.62457654007	2.04281407315	0.398600336224	0.397862016342	0.544595832865	0.580155747175	0.583542866633	0.0171895652496	1.93353569064	2.84304194511	2.43386841058	0.372004100479	0.185760930278	0.0	0.0	0.0	0.185119410381	0.0	0.173455012247	0.524155196135	0.181980450883	0.0	0.0	0.0	1.08225022684	0.0604651423255	2.70631636699	4.57828726747	0.0	0.0	6.65788533474	0.18918940973	0.0	0.0	0.0	0.0	0.0	0.0	0.0	0.0	0.0	0.0	0.0	0.42744057161	0.267488277202	1.45471016725	0.0	0.140337977546	0.0	0.0	0.42018849277	0.339387785698	0.139516937677	0.0	0.0	0.418006973119	0.0	0.0	0.0	0.0
5.16277176508	0.0	2.82954001069	1.60831821031	0.827385423754	0.144698798953	0.0	0.0	2.72807116051	0.605610882645	0.639133606185	1.70023736518	10.2857249497	0.0	5.17396795958	2.68898237971	0.0	0.0	0.0	0.0	2.62923670905	7.49713381891	0.780769916642	2.61805831454	4.15586185947	1.00893910461	1.02094519872	0.0	1.44019729286	2.17176803366	0.0	0.108729466614	2.12487395669	4.19239634154	0.741136456102	0.632884919254	1.58531172161	1.75632513764	1.84148919583	0.101765220034	0.20336045015	0.0	0.0	0.203023140316	0.202797970426	0.202574580536	0.0	0.971007323236	0.109587426192	0.0	0.0	0.0	0.602314324264	0.634292898562	1.83252690023	4.05053931119	0.0	0.0	6.18789106174	0.0	0.0	0.0	0.0	0.0	0.0	0.0	0.0	0.285456679841	0.0	0.0	0.719731076612	0.0	0.891031962503	0.472701907903	0.0372950756882	0.0802937135758	0.197508703023	0.0	0.037065099801	0.159992551443	0.0799437657476	0.0367989009318	0.0	0.0	0.0	0.0	0.0	0.0	0.0
0.0	0.0	3.82907807214	3.68862403281	1.35418537917	1.04307329206	0.0	0.0	0.0	0.163578645802	1.30771836617	2.93706082238	13.0854636639	0.591079665502	2.06145957721	5.40262051274	0.838912734896	0.0	0.0	0.547183953212	2.61702973277	6.16783672699	0.197024455166	3.34565193678	1.58597144407	1.65845746436	0.315567088358	0.0	0.905958253665	1.44936040582	0.428590920005	0.455763727614	1.9439465443	3.753577051	1.52318742649	1.08093630266	3.33717393441	1.55568643559	2.85990380077	0.411265015154	0.0	0.363801701865	0.0	0.0	0.0	0.0	0.378512205983	0.527331747653	0.200380556107	0.505488741537	0.0	0.0	0.895689250793	0.0	3.59842600756	3.47086897185	0.745494508739	0.0	4.21136217918	0.0	0.0	0.400247212069	0.0	0.0	0.0	0.327731491765	0.0	0.0	0.0	0.0	0.0	0.0	0.116372732584	0.254526371267	0.0	0.322710390359	0.161160345125	0.643345380137	0.0	0.0	0.160513244943	0.0	0.0	0.0	0.27310957647	0.0	0.0	0.0	0.0	0.0
10.2310443744	0.609896880379	2.49868841256	0.961761305214	0.83021254611	0.375760127387	0.0	0.0448018715344	0.0	0.663990948795	0.505722755656	2.23706327513	12.7309066876	0.886870085873	4.06692863636	4.64476073989	0.0	0.137627562296	0.00369603064152	0.0	0.0	2.41524136872	0.132674429694	3.84355081902	4.15786498413	1.05629215487	0.656874745057	0.0	1.03780094515	2.63200348259	0.211243870966	0.541580414492	2.09609510108	3.21211058732	0.755957417104	0.0	3.65854772184	3.21537748904	2.83363228851	0.101508733322	0.101452313293	0.101395893263	0.0	0.0836505199416	0.0	0.0	0.0	0.231859021795	0.0830041466021	0.0	0.0	0.0	0.0175688332289	1.76707532825	3.18261747182	4.14570737774	0.0	0.238983415538	6.52433942723	0.0	0.0	0.0608358979571	0.0	0.0	0.0	0.0	0.0	0.0	0.0621038926231	0.0265527219481	0.0351672414734	0.0	0.184642736993	0.0	0.0434447878215	0.0	0.0	0.0	0.0	0.0	0.0433413207672	0.0	0.0	0.0781688590621	0.0	0.0	0.0	0.0	0.0	0.0	0.0
4.89673593328	0.0	4.09901327448	0.491704952968	1.41608214936	0.731329030555	0.0	0.0	0.0	1.41380054976	0.355849497015	1.24116258031	9.32567034934	0.758111145814	4.06691448016	6.87114758381	0.0	0.0157981452038	0.12355965813	0.112663180059	0.0	3.2124002314	0.176008848846	2.9841942718	3.10267185082	1.16106739449	0.656468643805	0.0	1.1327405995	2.64020633269	0.0	0.302772866409	3.66946535051	4.48821000559	0.298007267253	0.355983816991	1.59630091746	2.8085111029	3.74891653644	0.141325774985	0.282339670026	0.185852847104	0.0	0.185312807199	0.0	0.272192071822	0.0	0.550639222537	0.241733637214	0.0	0.0	0.410471727347	0.288706068899	0.883886163552	3.95646849971	4.28763164109	0.0	0.027768355085	9.16550757771	0.0	0.0	0.0361984975928	0.0	0.0	0.0	0.0	0.0	0.0	0.122296498353	0.15271077297	0.017022480987	0.0	0.371774694196	0.0	1.44714134385	0.357304016757	0.0	0.0812165736246	0.14056677512	0.140463735138	0.0	0.0	0.0	0.0	0.0	0.0	0.0	0.0	0.0	0.0	0.0	0.0
0.0	0.0	6.4036553837	0.0	1.10444955242	0.0260387945933	0.0	0.0	0.0	0.796559989925	0.0136451478831	2.29833721717	12.9098897816	0.473027825278	6.78108663579	5.355043039	0.0	0.0	0.0	0.0	0.0	4.43928121262	1.29838247917	3.39187786808	3.3224533585	1.36678398861	1.25375177302	0.0	2.06191258454	2.51990974775	0.320066984169	0.0377987392162	4.45553761486	3.05133972109	0.569112648538	0.305419482148	1.22888356959	1.5674036163	3.78899722288	0.0886732802369	0.109362435092	0.0	0.0	0.0	0.0	0.0	0.730928020868	0.0	0.0	0.0	0.0	0.0	0.866001239508	0.0	2.35405352486	4.67628244533	0.0	0.605247803524	6.7282905285	0.0	0.0675996633287	0.0	0.0	0.0	0.0	0.0	0.0	0.0	0.0	0.576317359532	0.771802456509	0.215201099698	0.643557298811	0.473936435403	1.63255942529	0.0	0.419831817937	0.277221878256	0.138351469093	0.0	0.346442717809	0.0	0.0	0.0	0.0673565612952	0.0	0.0703365607064	0.0	0.0	0.0	0.0	0.0	0.0
2.3529694941	0.0	3.49787025332	0.0369759197643	0.686918835537	0.46810383978	0.0	0.0	0.0	0.0	0.422542057322	2.99388004735	11.9601793953	1.17572334734	4.62873681794	9.39497678294	0.539313512364	0.0	0.0	0.0	0.0	4.28799634913	0.0	3.96928947182	1.67385735556	1.39729066205	0.0782452878755	0.0	0.258855220341	1.77337511725	0.0	0.0	0.854500091018	5.47162509342	1.00242501406	0.855500250632	1.19236134094	2.34669029653	3.43251207848	0.273679954634	0.273330274768	0.094610023575	0.0	0.0	0.0	0.0	0.0	0.550477888066	0.247745364618	0.0	0.0	0.0	0.0	0.724372181117	2.58305320553	5.1989593984	0.0	0.220864194968	8.51728972085	0.532653614929	0.0	0.108667718162	0.205984000696	0.0	0.0	0.0	0.0994735817025	0.0	1.61045437998	0.299372024742	0.286016509884	0.288627828878	0.0	0.996371416395	1.8020639062	0.621147060858	0.317163397892	0.355085803292	0.280556051986	0.0	0.539936732125	0.0730573358729	0.0	0.0	0.0930712441676	0.0	0.0	0.0	0.0	0.0	0.0532012535175	0.0	0.0	0.0
12.0452341099	0.0	5.40717885589	1.8566410921	0.273214166399	0.0	0.0	0.0874637022302	0.591224610891	0.913185153452	0.263693271054	1.95721754292	9.97062512441	0.0	3.57562725152	3.60438373746	0.179681962135	0.0664648174987	0.0	0.0	0.0	3.57839175017	0.658811377842	2.15703094522	3.10994697924	0.759817228449	1.49473876907	0.0	1.37585582721	2.4308778113	0.0	0.640680636707	1.91652906282	3.3216828757	0.546718082655	0.0	1.65505119068	1.0053085084	1.62328320622	0.137904782564	0.392785857928	0.0	0.0	0.930619544927	0.135487983746	0.129502986673	0.666652674007	2.18505593151	0.0	0.0	0.0	0.0	0.885942016774	2.75862765103	3.25846040661	4.17605545791	0.0	0.0	7.07430454066	0.0	0.0	0.0	0.0	0.0	0.617734347928	0.0	0.0	0.0	0.0674221320305	0.439693984989	0.538215586813	0.0	0.0	0.0	1.31006835938	0.332499837407	0.25576837493	1.12260495104	0.0	0.0	0.431843188828	0.0	0.0	0.0	0.0	0.0	0.0861897528533	0.0	0.0	0.0	0.0	0.0	0.0	0.0	0.0
5.53149195228	0.0	3.55312368323	1.66648342665	0.807692269846	0.0	0.149681300357	0.0	0.319993963519	0.891114361191	0.0147539540065	1.87089625444	10.2883213992	0.493309507091	4.10922295885	5.87423119889	0.342456046574	0.116125455793	0.343915246772	0.0	0.0	5.23483271194	0.0	2.24343390511	2.639712359	0.68367561298	0.746810981566	0.194478746449	0.0	0.933778686994	0.375938931128	0.747714341689	2.52662434362	4.11159415918	0.448620541013	0.701227295367	1.70526743192	2.39086112516	3.3294532528	0.0	0.0853159796029	0.160128021778	0.0	0.0	0.0	0.0	0.0514137669923	0.911268603932	0.0328168364631	0.0450693181294	0.0	0.281736998316	1.00327693644	0.570889997641	4.46437500715	5.58433995947	0.0	0.0445019580522	8.95794361828	0.447442620852	0.108188174714	0.0	0.0	0.0	0.0	0.0	0.0	0.0	1.54789461052	0.0408578935567	1.02969614004	0.0	0.0901448762597	1.04195534171	1.75272983837	0.211193308722	0.581719759114	0.491454786838	0.0433009018889	0.0	1.03350734055	0.0	0.0	0.0	0.0	0.0	0.0	0.0	0.0	0.0	0.0	0.0	0.0	0.0	0.0	0.0
4.37751272439	0.0	2.97922871243	0.0	0.65041211905	0.362556877173	0.393177835246	0.25031333424	0.0	1.14440592795	0.0529205776681	2.09722716795	9.60793669509	0.118307982551	3.9516633512	8.91645283862	0.0	0.185996518289	0.344928098284	0.0	0.0	4.90335939129	0.0	2.64807073328	3.53404927749	1.48265460666	0.561651304639	0.265007863315	0.710347445276	2.37102905072	0.0105125683382	0.0	2.73371202788	4.05386254477	0.603804591985	0.48618821939	1.33483631596	2.36478225111	2.20639096109	0.230363345497	0.115063332756	0.0	0.0	0.231134495448	0.00023235960537	0.228485425615	0.113895452829	0.671331137733	0.0	0.107072473259	0.0	0.110157073064	0.0	0.0	3.29472119257	3.67190566882	0.0	0.172460169142	6.74982217503	0.0	0.0	0.0	0.0	0.0	0.0	0.0	0.098598553792	0.0	1.54961370244	0.448517301761	0.391973095321	0.0	0.313582550257	1.01587123604	1.04953993392	0.173182819096	0.541378305915	1.09466433108	0.0	0.0	1.09040603134	0.396007325067	0.0	0.124651782152	0.0	0.0	0.0	0.0	0.00523387717047	0.0	0.0	7.30683493996	0.0	0.0	0.0	0.0	0.0
6.60021443679	0.0	5.08867163292	0.0	1.23305609261	0.0	0.0	0.0	0.0	0.67354152908	0.375557710035	2.10843164232	10.3689921425	1.22510828943	4.34505713585	5.60892444077	0.101645640607	0.0	0.301152160311	0.0	0.0	3.36979994624	0.0	3.36362594377	4.19687127665	1.03525281358	1.08306703269	0.0739455375412	0.707101642487	1.41044596347	0.0	0.0350334459959	2.60568384097	4.08032963009	0.698230678943	0.339690675706	0.993583196939	1.86879214658	1.55364362068	0.0749860039569	0.13747151492	0.0252380480826	0.0	0.198837179436	0.0	0.0	0.0	1.31527812546	0.432700552864	0.0	0.471115588211	0.0	0.0	0.880742031856	4.01869740547	5.14374765492	0.0	0.143112397173	7.58603603062	0.0	0.0	0.0	0.0	0.0	0.0	0.0	0.0	0.0	1.65877806269	1.33074253163	0.744482777421	0.00244867797825	0.0	0.627294330604	2.04507461701	0.524148309398	1.31855132676	1.0317836122	0.0	0.341997596628	2.13789045409	0.263510345273	0.0	0.0336587994467	0.0	0.0662257804572	0.0	0.0	0.0	0.0	0.0	0.0	0.0	0.0	0.0	0.0	0.0	0.0
0.0	0.0	4.57659103937	3.75220827638	0.591830811638	0.0677206417448	0.26065507668	0.0	0.0	0.0	0.255886247472	2.47737558826	9.20588966998	0.706962842503	6.89870495343	3.74193207809	0.0	0.0	0.688305305604	0.53604432091	0.0	3.83657606236	0.576182874238	4.95720637611	1.73669731137	0.620500216873	0.0	0.0	0.0	1.7226195137	0.0	0.0558827187123	2.04532976006	2.82241033092	0.856370647672	0.183259859543	2.62057906446	1.3568244745	2.31250101566	0.488072888882	0.0	0.336349474099	0.0	0.179255310208	0.161248203201	0.172106521396	0.0	0.0	0.0211815414797	0.0	0.0992870834987	0.228672141995	0.383863526201	1.85268569208	4.26418669129	7.0493037284	0.0	0.0	10.156210312	0.22893647195	0.0	0.281349043239	0.0	0.0	0.0	0.0	0.0149565215142	0.0	2.64436876051	2.01208556559	0.116675440609	0.0214668594322	0.671114948461	1.09998881719	2.1594569411	0.437691797256	1.0836340199	0.903314459869	0.0892987771585	0.085036332867	1.9379939779	0.163038122903	0.0798625937269	0.00309944198487	0.00309677888532	0.0	0.0	0.0	0.0	0.0	0.0	0.00956469531035	0.0828005172385	0.0	0.0156989223909	0.0	0.0	0.0	0.0
1.59422964417	0.0	2.75332938546	0.548339877611	1.10837975261	0.174761960993	0.0	0.0	0.0	0.534842880623	0.297191933667	2.53424943436	10.6985976121	0.799315821593	3.56778920367	6.3203185893	0.0218296951276	0.0	0.308671931104	0.0	0.0	6.47989855369	0.0	1.8982995763	4.58969897558	0.783185825193	0.604294865121	0.0265810940671	0.0394740911894	1.81016959597	0.128036971422	0.0	2.47901944668	3.7490891632	0.266839940441	0.890974801134	2.71541939392	1.63719963458	2.82555936934	0.48749789119	0.243285945699	0.257842942449	0.0	0.300243932986	0.01438169679	0.0992028778579	0.0	0.344584923089	0.0	0.799654821517	0.0	0.0	0.592613867729	0.0	3.03477932264	5.59256875174	0.0	0.328207926744	9.87510779588	0.0	0.0	0.0	0.0	0.0	0.0	0.0	0.0	0.0	2.86216936116	2.24616949865	0.94959678805	0.0	0.506672886911	1.41824968345	1.97208955983	0.5636178742	1.16116974083	0.662204852196	0.141860968337	0.345134922966	2.26355949477	0.463604896523	0.0414708907437	0.0	0.123597972413	0.0	0.0	0.0	0.0	0.0413459907716	0.0	0.0135570969741	0.0616081862491	0.0	0.0067576184917	0.0	0.0	0.0	0.0	0.0
0.0	0.0	4.53238802702	0.0	0.921947785394	0.7002172922	0.0	0.392203453285	0.0	0.942406358606	0.0	2.11005296267	11.131924189	1.98964068491	4.4524666754	4.13016536726	0.257339076189	0.561805792814	0.0	0.0	0.0	2.63946500457	0.988457338345	2.09694315421	4.43022646104	0.586159938542	0.787263188415	0.0	1.56326890956	1.01219235367	0.062438846323	0.0	1.7996191622	5.36595166533	0.0	0.222671813802	1.69380139386	2.43851527479	1.99016588525	0.0	0.570686728549	0.0	0.0	0.0	0.0337036207658	0.0	0.118862936762	0.78623399775	0.0	0.0	0.0	0.354026438631	0.17060931018	0.0	3.01423584659	4.98965572232	0.0	0.711981779797	8.89195484243	0.0	0.00884843391432	0.0	0.0	0.0	0.0	0.0	0.259170207372	0.0	3.49543045735	1.46331924502	0.940169207161	0.338584538658	0.025552713502	2.18645951202	2.64909031078	0.907917866333	2.29495378208	1.30582984331	0.215935109451	0.569990838101	2.79161150282	0.752545425994	0.0904869684365	0.180848696792	0.0	0.0903619303558	0.0903203183288	0.180516406577	0.0901957852484	0.0	0.0	0.180266936417	0.0900715551682	0.0	0.0	0.0900302461416	0.269842884264	0.0	0.0	0.0	0.0
0.0	1.27791803972	4.98474327548	0.108930971578	0.93803035638	0.0	0.0	0.149818718446	0.0	0.817150076949	0.302488338765	1.11503413269	11.9892918782	0.0	3.6443501947	3.03240079259	0.0	0.0	0.34844038896	0.0	0.0	2.10063018033	0.0	1.69071231096	2.04543794405	0.7379398849	0.928919710394	0.231125011872	0.159398564741	2.17244842752	0.0290108590631	0.0	3.67254301323	4.20619716389	0.636756838413	0.0380682610147	2.37787656251	2.94431353471	3.24899793492	0.600781414774	0.199849751321	0.199644731186	0.0	0.0	0.0	0.0	0.252259425759	0.897873949992	0.592555109368	1.17308237083	0.0	0.251067044976	0.788892998381	0.0	2.20066164605	7.41093726972	0.0	0.153933401149	12.9939925383	0.0	0.0	0.0	0.0	0.0	0.0	0.0	0.0	0.0	2.48601703356	2.90565550931	0.568482073549	0.205729035185	0.654507910077	1.69854591611	2.29241070635	0.0	1.24787901998	1.1441245518	0.12040801912	0.181015438945	2.45342801215	0.987210708697	0.0887160882953	0.0	0.394417939172	0.0	0.3608282971	0.00780417812812	0.0	0.0	0.0	0.264104693543	0.0	0.0	0.00774429388878	0.191102225573	0.00764521102366	0.0877181196396	0.0	0.0	0.0	0.0
1.19891998321	2.21193526903	2.2709645682	0.0	1.55808097818	0.086785635785	0.0864642757895	0.448878113716	1.68869527636	0.242628856603	0.354566165036	3.92484584505	10.0078712599	0.0	4.91777613115	5.94709631675	0.0	0.0	0.0643367860993	0.0	0.32279993548	4.44415123778	0.0	3.44489675178	4.68688103438	1.01587044578	0.0	0.261854836334	1.24518758257	1.51216357883	0.0	0.259131516372	0.2642588563	5.01387512981	0.229868186782	0.458822763577	1.3638023809	1.33715628128	1.77433977516	0.221065806905	0.0	0.661511310739	0.0	0.0	0.0	0.0	0.0	0.0	0.0	0.0	1.66260537672	0.0	0.0	2.46803446544	2.62251386328	4.33726813928	0.0	0.0	9.43194676795	0.0	0.272473106185	0.0	0.0	0.0	0.0	0.0	0.0	0.0	2.88030225968	2.79707826084	0.0670545440613	0.192771707301	0.680881490467	0.737001039682	2.27291126818	0.18069907747	1.70132307619	1.23245678275	0.0	0.373265814774	3.143250956	0.61568970138	0.175220507547	0.0	0.0214924946991	0.349557275106	0.0	0.0	0.174338827559	0.174163727562	0.0	0.0	0.271275216202	0.0	0.0	0.540352412435	0.0	0.0	0.0965889696477	0.0	0.0	0.0	0.0
0.0	0.0	3.4355663174	0.510801068775	1.64664197698	0.312837119632	0.120765808976	0.0	0.0	0.0	0.0	3.24556876621	11.8541249547	0.721725494589	4.90864273897	7.33383891594	0.0	0.421050131833	0.0	0.0	0.0	6.7282990715	0.447221725109	3.14105919306	3.78571342745	0.538430741677	0.436539887853	0.0129882446634	0.923130802848	3.0237264232	0.0	1.04377493186	2.07905306589	1.80554353616	0.334004234195	0.168874116616	2.12696585358	2.41605457932	2.22046182956	0.157360279574	0.0	0.469781399313	0.0	0.0	0.151679801033	0.0	0.0	0.0	0.00616552401608	1.06627012607	0.0	0.0	0.011012245171	1.75052755029	3.71771824492	4.62715641128	0.0	0.119456449312	8.20292509267	0.0	0.100259614243	0.0	0.0	0.0	0.0	0.0	0.0	0.0	1.75636194879	2.39615938442	1.45117402719	0.190877390964	0.0354740788867	1.13377650874	2.38774578659	1.2242044855	1.71539635931	1.04986933029	0.0801760754028	0.0800982834228	1.89364191352	0.0151442681095	0.0	0.198369549039	0.25881745351	0.0	0.0	0.431089249254	0.208956746319	0.065609007145	0.0	0.124903967912	0.261684732773	0.0653659592075	0.284524166906	0.41393445366	0.0650374232919	0.0650156872975	0.0	0.0228740661237	0.0	0.0	0.0	0.0
0.0	0.0	1.35546616266	0.0	0.472542056705	0.942155663059	0.0	0.0	0.687909682549	0.573510068821	0.454639554557	3.63357793603	13.7636116517	0.0	8.09478697138	5.24565362948	0.0	0.0	0.732182937862	0.0	0.0	1.76266671152	0.0	2.89934434792	4.14819349778	1.67035070045	1.58025018963	0.0	2.62073731449	0.716904386029	0.0	0.916342459961	2.44291979315	0.918895010268	0.0	0.604779072574	0.711801385416	1.3425091611	1.27184415262	0.292497485099	0.292122635054	0.29174883501	0.0	0.714887335786	0.236374978365	0.0	0.0	0.0	0.567874718145	0.0	0.0	0.107848662942	0.10658656279	5.87631520516	4.35794152295	5.33320263999	0.0	0.0	6.06762522811	1.22047814645	0.0	0.0	0.0	0.0	0.0	0.0	0.0	0.0	1.20883364506	0.730154337618	1.35187516223	0.29891718587	1.40818666899	1.23713114846	2.36268928352	0.671786930615	1.20520064463	0.928427961411	0.0	0.519743762369	3.04020186482	0.392598197111	0.125035065005	0.0	0.266086831931	0.0	0.0	0.38182834582	0.497276909674	0.0	0.0	0.379718895566	0.625856775102	0.0	0.246755279611	0.622427474692	0.0	0.0	0.0	0.0	1.47018917642	0.0	0.0	0.0	0.0
0.0	0.0	5.14281051202	2.83637864843	2.37643423517	0.0	0.0	0.699602895961	0.0	0.691924259079	0.685825021555	1.3536936504	9.00135734545	1.60278294927	6.38221500882	7.60918571067	0.970732765882	0.483442483722	0.50957995311	0.0272725169273	0.0	0.0	1.44082561503	4.47081318485	3.10533233924	1.24619909404	0.839784659048	0.0	3.6440771205	0.788537919854	0.0	0.783519881891	2.32226825716	2.56784895746	0.0	0.0	0.731500403011	0.725479605456	0.350250357799	0.0	0.369289010068	0.0	0.0	0.0	0.0	0.367805010671	0.0	0.0	0.34953167809	0.335104023948	1.05673689097	0.295256520126	1.71486730376	0.0	2.55125996419	9.30519562209	0.0	0.0	7.27406684673	0.803290993863	0.0	0.0	0.0	0.0	0.0	0.0	0.0	0.0	0.563725791127	2.1987677073	1.05537479152	0.354167056208	0.788194479993	1.28452867848	2.23291029343	0.852823713753	1.17667372227	0.987949278893	0.34862007846	0.304717016285	2.77645687275	0.670610847732	0.0	0.44539379917	1.06924276589	0.0	0.0	0.0	0.0	0.0	0.0	0.458260073947	0.439686761488	0.0	0.0	0.0337226143086	0.146094440686	0.0	0.0	0.0	0.0	0.0	0.0	0.0	0.0	0.0
8.2127714978	0.0	7.33209759829	0.0	0.376961941381	0.0	0.0	0.0	1.13125711402	0.0	0.0	0.222427244108	11.8320559629	0.541687315177	6.86770705674	6.48031368892	0.247362515599	0.0	0.0	0.0	0.0	0.9161807674	0.0	3.10665834	3.52268489806	0.661525134288	0.0356199668465	0.233608740292	0.672957010387	2.10942938026	0.225799882957	1.26286706911	2.13740987072	3.08773004647	0.800840156753	0.410220740032	0.0970266038945	1.37268113164	1.3707337323	0.00915696057564	0.185860006584	0.194445683655	0.0	0.0355764178613	0.00885126167995	0.0	0.0	0.0	1.08863902856	0.0509773506065	0.0	0.0	0.48265115532	0.0	3.31715936819	5.76425923323	0.0	0.0	9.9460853064	0.0	0.0	0.0	0.0	0.0	0.0	0.0	0.0	0.0	0.957495593302	1.52977847804	1.66973443029	0.0	0.199409411962	1.72266731223	2.43647476867	1.04584974316	1.61931604748	1.16458760264	0.393022635901	0.196623132912	3.63932555827	1.32334344847	0.343217362894	0.27412106647	0.0262298640504	0.0	0.136659283372	0.298410058182	0.386391848163	0.135716613694	0.0678214988593	0.512548015118	0.471839879008	0.0	0.0822374969405	0.0	0.0	0.0	0.0149016709156	0.0	0.0	0.0	0.0	0.0	0.0	0.0	0.0
0.0	0.0	5.53778481065	0.0	2.34652612654	0.341536941979	0.0	0.0	0.205255021091	0.992730315086	0.263661404329	3.5115217922	9.23181575047	1.69779191274	4.98677976879	8.58229313689	0.220667696669	0.0	0.0	0.0	0.0	5.11445733215	0.0	2.70478362373	4.31424236181	0.225971575146	2.10374219623	0.0102516702578	0.773644817964	2.37517851833	0.193549984451	0.390594847899	1.10842528189	1.6682647212	1.01939118743	0.847349396811	0.510637893447	1.48775357301	1.46976077817	0.0	0.0	0.323288187216	0.0	0.152539156221	0.0	0.0	0.0	0.324029067003	0.0	0.160717993874	0.00802760529608	0.0	0.00520639770577	0.0	2.1871073723	5.70895396153	0.0	0.126821123602	9.59344284668	0.0	0.0	0.0	0.0	0.0	0.0	0.0	0.0	0.0	1.68317951693	2.50430328126	1.72758910418	0.167803871841	0.518459251202	2.62372964699	2.38081611671	0.097066160142	1.668977521	1.50068116931	0.400584845032	0.710826635992	3.62868015857	0.837095879754	0.184890546936	0.230862893742	0.885345945906	0.0573543555393	0.114653847095	0.0662871409756	0.399940085218	0.0	0.0108976288724	0.722477672649	1.26332963742	0.0562526478555	0.459457788135	0.160384273969	0.0557958079866	0.0557784199916	0.0	0.0	0.0	0.0	0.0	0.0	0.0	0.0	0.0	0.0
0.0	0.0	2.14068245156	0.0	0.458658652511	0.0	0.0	0.0	0.0	0.0	0.771613819995	1.28500025059	7.67615702326	1.08697134608	6.88462128489	9.51810334904	0.0	0.0	0.343920959426	0.0	0.0	4.2407406268	0.0	4.59539371996	4.61866520639	0.281746305686	0.559708133578	0.279228407154	1.38004819515	1.90815288716	0.265497685162	0.812283876276	3.20222193246	1.45665335048	0.503953576095	0.243406668045	0.676495025468	1.97165625013	0.712825794281	0.0	0.0	0.0	0.0	0.440699822983	0.0	0.0	0.0	0.285486093505	0.224001409362	1.12390924454	0.0	0.0	2.51596923269	0.0	4.9782341967	8.65122685461	0.0	0.502439566977	11.4853233017	0.456612723703	0.0	0.178695585785	0.0	0.0	0.0	0.0	0.0	0.0	2.66441624612	1.9116844851	0.0	0.191736338179	0.0107489306312	1.5492051965	0.937954262985	0.813507945562	1.40646977974	1.73505008812	0.308576640038	0.214567464865	3.22366221996	0.582786690118	0.0907340540839	0.271939581405	0.825090278808	0.101701736688	0.0	0.3156725359	0.358683910816	0.011225903453	0.0895211027913	0.623299786492	1.07418129354	0.0883400884801	0.274932719659	0.49979522852	0.0	0.0	0.0	0.0	0.0	0.00998157107875	0.0975291101211	0.0	0.0	0.0	0.0	0.0	0.0
0.0	0.0	4.37935342348	0.0	1.23866611978	0.0	0.112095510839	0.0	0.0	0.84301918152	0.464799544946	1.33780912937	10.2427499905	0.722836469898	5.61460954294	6.27060560636	0.188085718187	0.189318818307	0.0	0.0	0.506726049001	5.201581503	0.228982622143	5.24107150681	3.99954538676	0.541582852371	0.282376627305	0.0	0.0341524733025	1.96676719019	0.0	0.745198372061	2.68002925916	2.72266526329	0.576581555756	0.466455045107	1.633907158	2.19245421201	2.3246962248	0.0	0.12843601242	0.395232238219	0.0	0.0	0.195798918934	0.0	0.025470722463	0.0	0.0248325024013	0.0	0.0	0.0	0.474986645932	0.0	3.78084336561	7.33939870972	0.0	0.0	9.21796789137	0.0	0.105934300244	0.0	0.0	0.0	0.0	0.0	0.0	0.0	1.54664414956	1.89821518356	1.24641012053	0.167038316152	0.389279037643	2.01643219499	1.54387214929	0.505938448925	1.11745710805	1.3515921307	0.471716345615	0.114447311067	3.22790631214	0.591137857163	0.13473901303	0.134647713021	0.608857758876	0.0	0.085398068258	0.204697919794	0.136108513162	0.00488147047204	0.0	1.21297011729	2.66934825813	0.521689350447	1.92799218644	1.22260611823	0.103528270011	0.0510274649344	0.0	0.0	0.0255087824668	0.0510077749324	0.0509946849312	0.0268895026002	0.0	0.00139670313506	0.0	0.0	0.0	0.0
11.1994598079	0.0	2.34197869627	1.85908413209	0.975278521595	0.0	0.117827650061	0.117272649872	0.0	0.0	0.0	0.83267788311	10.0253236086	0.0	5.82795708151	6.01496994509	0.0	0.0	1.70068707823	0.0	0.0	0.967357558902	0.934350587679	3.67167034837	5.3346951138	0.352051049697	0.285990487237	0.345974907631	1.40917877912	2.79801125133	0.0263686139654	0.0785448477053	0.0	1.63935955739	0.321328459252	0.663079815448	0.762090739111	1.25514402675	1.27878703479	0.0	0.0	0.617898360085	0.308157194773	0.0	0.0158110673757	1.2211669152	0.0	0.117808780055	0.297978491313	0.0	0.0	0.0373914727131	1.47249320064	1.33277745315	2.49578034856	5.54981318693	0.0	0.217774304044	7.30608908407	0.0	0.0	0.0	0.0	0.0	0.0	0.0	0.0	0.0	1.44337789075	1.79281710956	1.6317671548	0.0	0.600656724223	1.95570966495	1.01858851632	1.39564787453	1.19519290637	1.11977948073	0.52229291758	0.0	2.43005722622	0.655297602801	0.0	0.0	0.38761990179	0.0	0.0	0.0285760717158	0.267043890795	0.0283519626397	0.0	1.58731163968	3.84271030653	0.115178079161	2.31144258589	2.27651087401	0.11182254802	0.0	0.0216080443468	0.0	0.0	0.0215839573385	0.0	0.0	0.0	0.111614977949	0.0	0.0	0.0	0.0	0.0
2.73240876507	0.0	1.70615247772	1.16884352728	1.15053152215	1.25259715073	0.0	0.0	0.0	0.0	0.0	0.148401161552	12.2883074408	2.05946777665	6.61705145277	4.56276927757	0.0	0.0	0.0511191663134	0.0	0.0	4.97628459336	0.269674795509	1.89227412984	1.51027562288	0.453359326941	2.12841499595	0.0	2.92243921828	1.26209475338	0.0	0.422729558364	0.450633246177	1.328577972	0.391903789733	0.0	0.0	1.17522752907	0.425148759041	0.0	0.382443147084	0.771008215882	0.0	0.394629870496	0.0	0.0	0.0	1.21218753942	0.364183781972	0.0	0.0	0.412375155465	1.43189800093	2.21349021977	2.97394803271	6.64603706089	0.0	0.276125997315	13.6582918244	0.0	0.710566278959	0.0	0.0	0.0	0.0	0.0	0.0	0.0	3.14641688099	0.0286847760317	1.81949650945	0.0	0.497816619388	3.46270496956	2.64560874077	0.417933717021	0.82935463222	0.64085521944	0.0	0.331247932749	2.65513994343	0.752937010822	0.0	0.42950108026	0.320584409764	0.142671239948	0.0	0.0	0.568910879295	0.141982439756	0.0	0.944767304535	2.4432022841	0.138918118898	2.07259418033	2.31226304744	0.028753656051	0.270269515675	0.0	0.0285976400073	0.0	0.0	0.0	0.0	0.0	0.134914117776	0.0	0.0	0.0	0.0	0.0	0.0
0.0	0.0	3.47957575068	0.0	1.91968955898	0.0	0.346006064703	0.172807542315	0.183709784354	0.109696465513	0.370689789319	3.8588264216	13.2092504702	0.466956767321	5.17943506856	8.06043840731	0.0	0.143780096887	0.0	0.0	0.0	3.04362166916	0.216383740464	0.813453252116	5.78693448216	1.36684825561	0.408802436446	0.0	0.790005747731	1.63994670667	0.474243008684	0.0388838722713	1.49341957927	2.30018323013	0.207238648753	0.794346078543	0.120772162584	1.74753402678	2.47519766286	0.110956189749	0.0	0.0	0.0	0.465781567102	0.0	0.0	0.0	1.20566502546	0.261961168987	0.0	0.0	0.0	0.0	0.515695936435	3.82650841556	7.41839488724	0.0	0.352025575829	10.1881610052	0.0	0.189869415506	0.0	0.0	0.0	0.0	0.0	0.0	0.0	2.00918557571	1.15441951588	1.92705716036	0.385554942099	0.0700973031082	2.39317094753	2.33381203642	0.774825324892	2.02488127865	1.44323626989	0.665626624472	0.125227753418	3.26339541026	0.579552248376	0.090010957832	0.161606980221	0.430297300465	0.08053432406	0.00444327383089	0.375121650148	0.186671514908	0.00433726851107	0.0	1.25305723432	1.39214896033	0.0434057941169	1.84296254464	1.29048284132	0.313371658601	0.0806981740906	0.0774090824755	0.154739968936	0.00320968650021	0.0	0.00322507710309	0.0	0.0	0.0386556122286	0.0804962430528	0.00320347149905	0.186172054814	0.0	0.0	0.0	0.0
0.0	0.0	10.2735324031	0.0	0.57120045353	0.512377590077	0.0	0.0	0.0	0.0	0.0	2.231675531	13.9781108206	0.478947088115	5.42775691861	5.23796970747	0.0	0.0	0.0	0.0	1.27284427472	0.799046566904	0.39456086316	0.362150661259	5.37190831534	0.758129684502	0.0	0.0	1.10608278493	0.307581138055	0.0	1.07062536285	2.14115952569	0.841121689373	0.0	0.0	0.0	0.676765599726	1.36249387998	0.0	0.344314220211	0.319730118768	0.34258598011	0.0	0.340307119976	0.0	0.0	0.0	0.315469938518	0.0	1.94587751423	0.0	0.619604856371	0.0	5.2147479061	6.23014596571	0.0	0.967686776803	11.0615574493	0.0	0.0	0.0	0.0	0.0	0.0	0.0	0.0	0.0	3.35887339716	3.72211161849	2.21238672987	0.0681639100012	1.15782966797	2.57788215132	2.29681513483	0.84224002944	1.10975700514	2.34016933737	0.0476382087963	0.386943382713	2.71749795952	0.896521132626	0.115810326798	0.115745346794	0.360004041132	0.0	0.0	0.0262817895428	0.0	0.0	0.0	1.42849988386	2.62279815396	0.0	0.72776578272	1.41793208323	0.341803940064	0.221172552982	0.0	0.0	0.0	0.0	0.0	0.0	0.0	0.0	0.0	0.0	0.00928772874519	0.0	0.0	0.0	0.0	0.0
0.0	0.0	2.11351634451	1.8208527968	1.94828431757	0.0	0.0	0.0	1.91296781181	0.0	0.936639502672	1.23569820142	10.8361987663	1.1447826366	5.16481184187	6.00847497939	0.0	0.0	0.0787271728325	0.117333369126	0.0	4.06334166232	0.0	3.79010161779	4.84896429038	0.745733721555	0.0	0.0	1.44530873559	0.96245470688	0.21896118569	0.0	2.83397996194	3.77886611595	0.415262767688	0.414360017541	1.88123930665	1.23759570173	1.8380222996	0.19969178255	0.0	0.0	0.0	0.0	0.0	0.0	0.0	0.0	0.975448558998	0.432770370541	0.0	0.411639117097	0.415261617688	0.0	1.87141830504	8.75753892748	0.0	0.581299794752	8.98753896497	0.0	0.0	0.0	0.0	0.0	0.0	0.0	0.0	0.0	2.99778598864	2.75975894985	2.07018433744	0.0	0.477759527875	0.70877501553	2.41443689355	0.954108005519	1.56723175546	1.79248229217	0.476585377684	0.0848302238274	3.84680812703	0.616584100503	0.197417082179	0.0152350874833	0.303056099398	0.0	0.0	0.351729857332	0.305489499795	0.0	0.130194971222	0.752682022687	3.19045702004	0.0	1.66721277176	1.6233287646	0.185805530286	0.247459340336	0.135663222113	0.123489320128	0.185084480169	0.0616547300497	0.0616348350465	0.0	0.0	0.0616149400432	0.123169620077	0.0	0.0615552550335	0.0118272919279	0.0118203919267	0.0	0.0	0.0	0.0
2.25176929651	0.0	2.98316105779	0.135720029927	1.92718962494	0.0	0.0143538431651	0.0	0.0	0.326631712022	0.132129829135	2.07896405841	10.367351486	1.95043603007	4.72139824107	5.18491114327	0.303555826934	0.0	0.208565725988	0.0	0.0	3.06508027585	0.0	2.16667167775	2.32792331331	0.877208433424	1.37482070314	0.0832223623505	1.1936634632	1.68055037056	0.0	0.313769629186	1.64830236345	3.01711426527	0.296530865385	0.474970224731	0.895683757498	1.65977476598	2.34227251647	0.230441010813	0.146307352261	0.0	0.0	0.0	0.0	0.0	0.0	0.688972871918	0.0	0.0	0.0	0.0	1.01581106399	0.772278290287	4.49495459114	7.12374717079	0.0	0.0614788535561	9.04882559527	0.0	0.145402552061	0.0	0.0	0.0	0.0	0.0	0.0	0.0	2.26871690025	2.57602416802	2.50461455226	0.0	0.755983766694	3.24645791585	3.0812042794	1.12091288716	2.41897173338	1.60900155479	0.0973146254579	0.188313281523	5.65773884753	1.21440426777	0.195985523215	0.0777635171469	0.0	0.053119891713	0.154923834161	0.643058901795	0.228173210313	0.100927214254	0.0	0.62113141696	2.71966699969	0.192021802341	1.292518685	1.94426482871	0.492115028511	0.11464897328	0.229097730516	0.0489699907979	0.117577625926	0.0323645871364	0.163111115966	0.00628699258628	0.0	0.00314247549291	0.0259703177265	0.0228259050331	0.0	0.0487584067512	0.0	0.0	0.0	0.0	0.0	0.0
0.0	0.704469862744	5.90187773921	0.0217368447761	0.464248975218	0.0	0.0	0.0	0.86307155111	0.727571512506	0.807270741685	4.03963555839	10.0096891969	0.930639050414	5.81095704014	5.21602374627	0.0	0.171028258238	0.160502938347	0.0	0.778774221978	5.25593244586	0.0	2.17494807759	1.43431468522	0.581278224013	1.11114079856	0.0	1.08310057884	1.49183188464	0.400721485872	0.0649062173315	0.471481915143	0.928035800441	0.675854003038	0.107106946897	0.129555268665	1.02128128948	2.35334967576	0.0	0.0	0.0	0.114307711823	0.0	0.0	0.0	0.0	0.0	0.338168606517	0.0	0.0	0.0	0.0334722956552	0.0	3.65584046235	10.6268173905	0.0	0.0576435594062	8.07966891678	0.0	0.153530908418	0.0	0.0	0.0	0.0	0.0	0.0	0.0	2.29386687638	2.7675296715	2.25089277681	0.0	1.20766228756	4.33928425531	3.23710916666	0.964261340068	2.00316867937	1.70704168241	0.744606712331	0.683214472962	4.81343845043	1.1456171882	0.118570138779	0.197450367967	0.402167605858	0.0857829951164	0.124967698713	0.437755495491	0.418249255692	0.116858077796	0.00693848602854	0.959197580121	2.85172287063	0.151151128443	0.813058731625	1.39116508567	0.196094337981	0.147809608478	0.453594955328	0.147291298483	0.299578496915	0.0	0.152172538432	0.0	0.0	0.0	0.0	0.0	0.00531940494521	0.0	0.0	0.110028787867	0.303595106873	0.0	0.0	0.0	0.0
5.37229379503	0.0	5.93247536135	0.878596400856	0.0997446036142	0.585240053757	0.0	0.0	0.0	0.0	0.0	2.09537382212	9.57637544322	0.0	3.98142738209	6.19975724071	0.357255726069	0.0263308818176	0.545726562026	0.0	0.0	5.64335167551	0.764982427123	2.17292344514	1.72090071094	1.7140331089	0.806470059441	0.16803912989	0.0	0.35975024681	0.415784923447	0.0	1.53771745655	3.55233205468	0.273141761095	0.158308847002	0.771126688947	0.828237525904	1.95592138071	0.0059639341707	0.0	0.0178401892968	0.0	0.0	0.0	0.143029022466	0.0	0.527588776641	0.0	0.668139798371	0.0	0.514050632621	1.3257067936	1.92373097116	2.92271926776	6.42059430628	0.0	0.0019693497847	9.65123466545	0.0	0.146658703543	0.0	0.0	0.0	0.0	0.0	0.0	0.0	2.44754492668	2.44366272552	3.05958750839	0.158221526976	1.11641485146	2.53541955277	3.12990372927	0.78453975293	1.95176777947	1.87591735696	0.216329464229	0.444215851887	4.5594387537	1.00297315778	0.146393203464	0.182815094278	0.884499942608	0.0	0.0	0.229126568028	0.203534720429	0.072219679442	0.0360983347176	1.24833417063	2.7736616235	0.0765941767408	0.819218783226	1.02248446358	0.429141347412	0.239017330964	0.108383504179	0.102251514358	0.108197182124	0.092030823324	0.0739665519606	0.101925362262	0.0339615900832	0.0	0.00594425176484	0.0	0.0118912175306	0.00594237556429	0.0	0.00594021616365	0.153370545536	0.344273362215	0.0	0.0	0.0	0.0
0.0	0.313800586078	2.11605777126	0.0	1.03246411839	0.0	0.0	0.0	0.0	0.0	0.0547416600824	1.08608313259	9.57290636516	0.600074095132	5.48536390703	6.37775671056	0.0	0.0	0.0883685574474	0.0	0.0	2.5484918245	0.0	2.34099154693	1.91894619256	1.13455182736	1.11943406899	0.0	1.86636009825	0.0664911238123	0.0	0.825668320745	1.57035953025	3.61900380879	0.0288737998787	0.702054704108	1.46947134115	1.84207220088	1.15663227497	0.394459967359	0.0	0.4227557843	0.0	0.0	0.0	0.170597191559	0.0	0.0	0.525968043143	0.103753827784	0.0	0.0	0.615175193499	0.0	2.92067618427	6.93083295078	0.0	0.43451179303	11.0788155024	0.218931416333	0.332334834075	0.0	0.0	0.0	0.0	0.0	0.0	0.0	2.03071098048	3.77827339157	2.90276668621	0.393236647491	1.03800475779	4.31795023323	3.91757477651	1.00915440091	2.3348392476	2.1507938675	0.410259595651	0.638074361024	6.16449683362	1.68595611775	0.0929520799519	0.144794424348	0.377867799152	0.153963373357	0.0661099668535	0.524040243351	0.742950239687	0.0453499430977	0.0	2.12040127078	3.8695106817	0.0341372883098	1.71406391471	1.89062419563	0.364827780562	0.0	0.231735814949	0.0484257357652	0.139857114881	0.0	0.1396857549	0.0	0.0329954834332	0.0	0.139514394918	0.0	0.00759185407932	0.0329470504384	0.0	0.04051830562	0.11387977469	0.0733313620729	0.0	0.0	0.0	0.0	0.0
8.97663640306	1.8060840811	5.18920823299	0.0526118423623	0.931510841825	0.0	0.0	0.0	0.0	0.0	1.34601606043	0.100652644519	4.5546962045	0.506266822732	2.46897611086	3.76074016885	0.0	0.395661617765	0.455869220468	0.0	1.4587200655	3.78219616982	0.0	1.69963207631	2.43052810913	0.67950723051	1.13755925108	0.332917214948	1.40406006305	1.32589205953	0.0	0.0	1.63104007324	3.55836015977	0.0152594406852	0.0151947606822	0.0	0.347074815583	2.38408810704	0.295189213254	0.881869239596	0.58485602626	0.0	0.307402813802	0.581718026119	0.00808612836307	0.583146026183	2.79927612569	0.0	0.0	0.0	0.808124436284	0.0	0.0	2.5010401123	6.00789626976	0.0	0.190543208555	7.37365233108	0.078642723531	0.0	0.0	0.0	0.0	0.0	0.0	0.0	0.0	3.75332416853	3.35122815047	1.84468808282	0.0	1.44415206485	3.59654416148	3.1290241405	1.55359206976	2.42397610884	2.64475211875	0.645786028996	0.501410422513	5.21062823395	0.355935615982	0.293875213195	0.222091209972	0.768002434483	0.0086057643864	0.149044806692	0.408756018353	0.703928431607	0.0	0.138715206228	1.38681606227	3.05784013729	0.0	1.09543444919	2.37970810685	0.387121217382	0.127465205723	0.131089205886	0.0673099230222	0.0635454028532	0.127004405702	0.0	0.0	0.0	0.0	0.0	0.0634308028481	0.0	0.0	0.0	0.0	0.0671118030133	0.0633450028442	0.533257223944	1.02623524608	0.526822823654	0.0	0.0	0.0
0.0	0.0	3.58063281961	0.0	0.0	0.0	0.0	0.0	0.257266628888	0.502592975043	0.0	0.245510266197	12.1747807868	0.0	1.4334147281	7.61039354202	0.0	0.0	0.0	0.0	0.0	0.481012620104	0.0765552655235	4.44160851668	2.26904091938	0.0	0.0	0.0	3.0830081057	0.0240986075161	0.0	0.0238117164504	2.01154076044	1.0131066119	0.0	0.0	2.81736464489	0.0	1.84522622237	0.0	0.0	0.0	0.0	0.864320137843	0.0	0.0	0.0	5.23662709866	0.0	2.51271077516	0.0	0.0	2.45269476142	6.1712797126	1.20246318524	1.20667277621	0.0	0.0145427513288	3.80985527207	0.0	0.00412635504453	0.0	0.0	0.0	0.0	0.0	0.0	0.0	3.00147828704	3.15418032199	1.59470776503	0.258687169214	1.9410219443	5.27796070812	3.93712310121	0.608046919181	2.3206958312	3.83430937767	0.638797866221	1.32213100263	7.66279865402	3.10332401035	0.471727077978	0.235364413875	0.920086630608	0.465156776474	0.232093783126	0.746082540778	0.511636517113	0.229541892542	0.0	1.17726371948	3.3018850558	0.0	1.00542674014	1.83957552108	0.0	0.427087747761	0.0	0.213135498787	0.425455457387	0.212322378601	0.249796087179	0.0	0.0	0.0	0.0	0.0	0.211515308416	0.0	0.0	0.211247898355	0.0	0.0	0.0	0.0	1.8920774331	0.0	0.0	0.0	0.0
13.4276824833	0.0	2.90250123983	0.0	1.87294350947	0.0	0.0	0.124413127416	1.34751404709	0.0	0.608055160751	3.00132121395	7.09696994131	0.0	6.08352840673	3.386780113	0.0	0.0	2.09217745206	0.528023181711	2.07880625556	2.48482214923	0.0	0.0	2.73633728335	0.0	0.0264595970703	0.0	0.00779346775889	0.435704585889	0.0	0.00639665352472	0.856996095553	2.8820418452	0.403328234369	0.402170454671	1.58569458471	1.16796791411	1.500563007	0.383465419571	0.0	0.382418659844	0.0	0.337844751518	0.0	0.0	0.0	0.0	0.0	0.0	1.04157106721	0.0	0.327250274293	0.743132305373	3.60647765546	5.043905679	0.0	0.0	8.67035472924	0.817967085774	0.440683404586	0.536233779561	0.0	0.0	0.0	0.0	0.0	0.0	2.16469423307	2.10266944932	2.53741633545	0.00285004125358	1.33769304965	2.01263347289	2.82400646039	1.07394985873	3.08215839279	1.52536560051	0.555447554528	0.0	5.67947671254	0.241513576748	0.0	0.649088630004	0.40572675374	0.457280280239	0.0	0.00836875860822	0.321413795821	0.180963772605	0.0	1.53488159801	4.31250367056	0.171445335098	2.26450240692	2.45008875832	0.579895128126	0.0813207867021	0.405897553695	0.251534654124	0.403793054247	0.0166262776456	0.0165900436551	0.0	0.0804340909343	0.00823536384316	0.0803418589584	0.0	0.160545857953	0.0	0.0802039989945	0.0	0.240336277055	0.0800207550426	0.0799751270546	0.0	0.159813858144	0.0	0.0	0.0	0.0	0.0
0.0	0.0	0.0	0.0	0.0	0.0	1.01788387714	0.0	0.0	0.0	0.0	0.98006753319	9.54237537323	0.901885055699	5.30598545104	5.05012089198	0.0	0.0	1.65740013481	0.0	0.711532746155	3.77221259645	0.0	0.500299959952	2.10179906372	0.0	0.0	0.0	0.0	0.0	0.0	0.0	3.51961983686	0.359724512445	0.0	0.0	0.0	1.36448798169	2.02493637601	0.0	0.0	0.0	0.0	0.0	0.0	0.0	0.0	1.81838250906	1.94210818927	0.0	0.0	0.556167781013	1.09193478529	2.3581310227	6.34358868503	6.91861359302	0.0	0.43543469033	9.02946545529	0.0	0.0	0.0	0.0	0.0	0.0	0.0	0.705596767104	0.0	3.41495915361	1.71466892565	4.79115673341	0.0	0.703399987456	2.95348782745	4.29723801244	2.06049567032	4.13298383873	1.95766768677	0.0763175517892	1.06166326013	6.96072878628	2.41043061433	0.297519732397	0.0163223433885	0.490530071515	0.154535945275	0.439871299621	0.187850489944	0.894709236846	0.144087096946	0.0	4.26932931691	4.40568709509	0.0	1.474978864	0.724333354107	0.0	0.0	0.260972748244	0.0	0.0	0.130218849165	0.260115438382	0.0	0.0	0.0	0.0	0.0	0.0	0.129790809234	0.0	0.12968502925	0.259051488551	0.0	0.0	0.125339439946	1.66011843438	0.0	0.0	0.0	0.0	0.0	0.0
0.0	1.14013639626	0.0	0.0	2.1589016142	2.16069961389	0.0	0.0	0.0	0.0	0.0	4.2328012436	7.96993737577	3.86240090979	3.76818572663	1.85017886938	0.0	0.0	0.0	0.0	0.0	0.0	0.0	0.0	0.0	1.70707049495	1.68840849828	0.0	0.0	0.0	0.0	0.0	0.0	0.0	0.0	1.61769131092	0.0	1.60092651392	0.0	0.0	0.0	0.0	0.0	1.46877973753	0.0	0.0	1.5372029253	1.26942497315	0.0	0.0	0.0	0.0	0.0	7.99842017068	6.51943523498	7.47667786391	0.0	1.02650033656	11.5064043438	2.2881839911	0.0	2.52475114883	0.552225221317	0.0	0.0	0.0	0.241328756874	0.0	1.60503091318	3.89074730472	5.1376290819	0.0891522640685	1.42327174566	3.51252257231	2.45848556067	0.867738204936	3.00253546345	1.72177689232	0.495436951465	1.37018735515	7.03167914343	0.795699177808	0.0	0.320181582784	1.90728085917	0.0	0.315603503601	0.338615419489	0.0	0.0	0.0	0.715384392161	3.39049419412	0.302620705921	0.929970073814	0.1376598154	0.304550145576	0.291762027862	0.0	0.291211467961	0.290663388059	0.00999500581389	0.298989986571	0.288492148447	0.0	0.00884414961955	0.295697787159	0.286353148829	1.14013639626	0.283724349299	0.0	0.0	0.283203549392	0.0	0.0	0.0	0.0	0.0	0.0	0.0	0.0	0.0	0.0	0.0
0.0	2.36169990554	11.8013870279	0.0	0.0	0.0	0.0	3.70337485186	0.0	1.56879993725	0.0	1.6700624332	4.65792481369	0.0	6.15817475367	2.64448739423	0.0	0.0	1.44359994225	0.0	1.4274749429	5.16927479323	1.33778744649	2.21641241134	0.0	0.0	5.01073729958	0.0	1.2225687011	2.41058740357	0.0	0.0	1.92566242297	0.0	0.0	0.0	0.0	0.0	1.14581495417	1.13562995457	0.0	0.0	0.0	0.0	2.22192491112	0.0	0.0	2.14723741411	0.0	0.0	2.11173741552	0.0	0.0	0.540026228399	0.949873712005	5.17442479303	0.0	0.0	8.3048496678	0.0	0.0	1.14127995435	0.0	0.0	0.0	0.0	0.0	0.0	2.53621239855	2.99793738009	1.60098743596	0.0	1.09301745628	3.98648734054	2.9125998835	0.325203736991	2.2525874099	2.44389990225	0.26423498943	1.04610995815	7.29439970823	1.12198370512	0.239919990404	0.239469990421	2.34608740616	0.0	0.0	1.14150245434	0.38524123459	0.6874862225	0.0	0.0	2.20454991181	0.220842491166	0.879573714818	1.86667492534	0.212046241519	0.211693741533	0.422338733106	0.0	0.420947483162	0.209954991601	0.418877483245	0.208924991643	0.208583741656	0.20824374167	0.0	0.0	0.170544993179	0.0	0.0	0.206559991738	0.0	0.0	0.205894991764	0.0	0.205563741778	0.0	0.0	0.0	0.0	0.0	0.0	0.0	0.0
0.0	3.51334560975	0.0	1.00493299117	0.0	1.19974785844	0.0	0.0	5.87033901379	1.14923194693	0.0	4.32518867337	8.34969099725	0.0	3.62241119143	0.758343472599	0.0	0.0	0.0	0.0	0.0	2.2297712254	0.0	4.9137219745	1.91735427788	0.0	0.0	0.0	0.401410732564	0.0	0.0	0.0	0.62363437523	1.61172872923	0.0	0.0	1.36154317126	0.0	3.04688108813	0.0	0.752943113506	1.49558194874	0.0	0.0	1.47537155213	0.0	0.0	0.831659080281	0.0	0.0	0.0	0.0	0.0	0.0	2.33164220828	6.27527774576	2.70199394606	0.364308778795	7.19825279069	1.94663667297	0.0	0.0	0.0	0.0	0.0	0.0	0.0	0.0	0.455468503481	5.92795880411	1.77109350245	0.0	2.11915584399	3.09151028063	6.89361004187	1.37753256858	4.96621356568	3.16779066781	0.534483090207	0.0205902865408	6.42460032067	2.66438295239	0.0	0.62565415489	1.83105689238	0.307250948382	0.153410014227	0.398493833052	0.588171681187	0.0	0.0	0.0	3.66928318356	0.0	0.257018536821	2.14394003982	0.831981640227	0.0	0.140390436414	0.28041925289	0.27994045297	0.0	0.0	0.27851161321	0.139078776635	0.27780349333	0.124209771133	0.276863533487	0.414420230377	0.122718687383	0.13767513687	0.549546387676	0.957292399175	0.0	0.272487554222	0.0	0.0	0.0	0.0	0.119197617975	0.135848137178	0.0	0.0	0.0	0.0	0.0
0.0	0.0	3.16988227722	0.0	3.03353506098	0.0	0.0	0.0	2.96966675339	0.0	0.0	0.0	8.55135551761	0.0	5.42582164567	0.0	0.0	0.0	0.0	0.0	0.0	5.02740989826	0.0	0.0	4.77278756796	0.0	0.0	0.0	2.37070928212	2.33152977746	0.0	0.0	4.55052484152	0.0	0.0	0.0	0.0	0.0	2.18692756025	0.0	0.0	0.0	0.0	0.0	4.21088870109	0.0	0.0	5.69189937734	1.91913532837	0.0	0.0	0.0	3.71215964174	1.82007531659	0.0	9.18982269358	0.0	1.31213875615	10.0795847995	0.0	0.0	0.826032228298	0.0	0.0	0.0	0.0	0.0526911632702	0.0	4.63400195145	0.442113722611	3.04690816258	0.519536741825	5.09276410604	2.70643382206	1.44835897235	0.952359143331	2.70955802244	3.03626556132	0.0	1.67645099949	2.89989294508	0.0	0.40243764789	0.0	1.17341917964	0.0	0.0	0.0	0.372538034332	0.392362736692	0.0	2.65569731603	1.48663677691	0.376646484821	0.0	1.00596076971	1.4655039744	0.0	0.364011253317	0.0	0.0	0.0	0.0	0.0	0.0	0.362141813095	0.0	0.0	0.72150613586	0.717834565423	0.0	0.0	1.77876221167	0.0	0.655297217981	0.0	0.0	0.0	0.0	0.0	0.0	0.700021543303	0.0	0.0	0.0	0.0	0.0
6.24955081861	13.8524204744	0.0	0.0	0.0	0.0	0.0	0.0	0.0	0.0	0.0	0.0	12.4538408226	0.0	6.99878626061	0.0	2.26131273041	0.0	2.22731591942	2.19431750876	0.0	0.0	0.0	10.5089057944	4.00331649307	0.0	0.0	1.96179263366	0.0	0.0	0.0	1.93615422538	1.91116861731	5.58985140552	1.81737018701	0.0	0.0	0.0	0.0	0.0	0.0	0.0	0.0	0.0	0.0	0.0	0.0	5.19749287878	0.0	0.0	0.0	0.0	0.0	0.177063737192	2.12646468685	0.0	0.0	0.715120870984	7.27179754879	0.0	2.22731591942	0.0	0.0	0.0	0.0	0.0	0.0	0.0	0.60284691472	1.14702501049	1.63709492878	0.0168492854423	1.02045472961	0.0470057111828	4.19910535631	1.79456057965	0.0	0.0	0.0	0.824633866356	7.78573051479	0.0	0.0	0.39235340673	1.45361966952	0.3842113241	0.76544664724	2.27288393414	0.749943282232	0.0	0.373552760658	0.919914537133	3.9210380665	0.0	0.533593772351	0.0	0.0	0.0	0.0	0.0	0.0	0.340099949852	0.0	0.0	0.0	0.0	0.0	0.33854474935	0.337772909101	0.0	0.0	1.34040363295	2.31690314836	0.32804746596	0.0	0.0	0.0	0.0	0.0	0.0	0.325167465029	0.149836848397	0.0	0.0	0.0	0.0	0.0	0.0
19.6018148606	3.79977372993	0.0	8.2697155944	0.0	0.0	0.0	0.0	3.96867348903	0.0	0.0	0.0	0.0	0.0	0.0	0.0	0.0	0.0	0.0	0.0	0.0	0.0	0.0	12.6728870355	5.95345528371	0.0	0.0	0.0	0.0	2.88973001141	0.0	0.0	2.83468569214	2.7817053736	0.0	0.0	0.0	2.73066005574	0.0	0.0	0.0	2.6814465385	0.0	0.0	0.0	0.0	2.6339874219	0.0	2.58817950586	0.0	0.0	5.04511436579	0.0	0.0	6.51855288149	0.0	0.0	0.0	4.08825653089	0.0	0.0	1.64440227555	0.0	0.0	0.0	0.0	0.0	0.0	0.810415693645	0.0	0.0	0.0	1.56448674757	2.18582836503	0.655205419322	3.08439107954	3.7677043187	6.55044169265	0.0	0.5682851889	5.30614595715	1.01033480362	0.0	0.654139878949	0.0	0.0	0.0	0.0	0.0	0.0	0.0	0.0	4.88270330894	0.616219025676	0.447723036703	0.975121661293	0.0	0.0	0.0	0.0	0.0	0.0	0.0	0.0	0.0	0.0	0.58937282628	0.0	0.0	0.587048245467	0.0	0.0	0.58474172466	0.0	0.0	0.0	0.0	0.0	0.0	2.88973001141	0.0	0.0	0.0	0.566920368423	0.0	0.0	0.0	0.0	0.0
0.0	0.0	17.7397962746	0.0	8.02821331407	0.0	0.0	3.83340019499	0.0	0.0	0.0	0.0	3.72227621832	0.0	0.0	0.0	0.0	0.0	0.0	0.0	0.0	13.8956970819	0.0	0.0	0.0	0.0	0.0	0.0	0.0	0.0	0.0	0.0	0.0	0.0	3.17076433414	0.0	0.0	0.0	0.0	0.0	0.0	0.0	0.0	0.0	0.0	0.0	0.0	0.0	0.0	0.0	0.0	0.0	0.0	9.31093604471	0.0	8.11277829631	0.0	0.0	12.7934273134	0.0	0.0	1.99088458192	0.0	0.0	0.0	0.0	0.0	0.0	4.14260513005	3.99067416195	5.5694978304	1.80861162019	0.0	1.39626470679	4.87689697585	3.03855436191	0.0	0.320500632695	0.0	0.0	6.17963970227	0.0	0.667063659917	0.0	0.451946205091	0.0	0.0	2.58118845795	1.9023936005	0.627920668137	0.0	2.43629048839	0.0	0.0	1.04771267998	0.249459547614	0.0	0.0	0.0	0.0	0.0	0.0	0.0	0.559519882501	0.0	0.0	0.0	0.55709278301	0.554685183516	1.10223466853	0.0	0.0	0.0	0.547589785006	0.545264085495	0.0	0.0	0.0	0.0	0.0	0.0	0.0	0.0	0.0	0.0	0.0	2.24821952788	0.0	0.0	0.0
0.0	2.44465667113	8.82169781752	1.73611692153	3.98264917878	0.0	0.0	0.0	9.42834575998	0.0	0.0	0.0	2.69947788897	3.33672743357	4.84185203892	1.57265511009	0.0	0.0	1.5528610087	0.0	0.0	5.95060991654	1.44389520107	0.0	6.28898294023	0.0	2.62672048387	0.0	2.57198868003	2.51949697637	0.0	0.0	2.46910127284	0.506679215467	0.0	0.0	1.1813607027	1.17016282191	1.15917585114	0.0	1.14839193039	3.38243333677	0.0	2.20454675432	0.0	0.0	1.08768390614	0.290588150342	0.0	1.05967348418	0.0	0.0	2.07485674524	0.0	0.37742805642	8.58308130082	0.0	0.788828345218	6.52055165644	0.0	0.0	1.83584722851	0.0	0.0	0.0	0.0	0.0	0.0	0.441416320899	0.0	0.865159430561	0.0	3.65267325569	0.389545557268	4.10694198748	0.0	2.55691057899	3.37901423653	0.239033096733	0.257901028053	5.11721405821	0.0	0.0	0.557343469014	1.19671914377	0.271620659013	0.0	0.391955957437	1.73818672167	0.261827098328	0.0	0.283641219854	3.31040953173	0.1971340538	0.0	0.626770853875	0.0	0.0	0.0	0.0	0.232269566258	0.231833336228	0.231398416198	0.0	0.230966116168	0.0	0.460639262244	0.229677076078	0.458075592065	0.0	0.227980625958	0.22756011593	0.227140915899	0.226724335871	0.0	0.0	0.0	0.0	0.0	0.0	0.0	0.0	0.0	0.0	0.0	0.0	0.515191596063	0.0	0.0	0.0	0.0
0.0	16.1568032314	0.0	0.0	0.0	0.0	0.0	0.0	7.61179472236	7.04742860948	0.0	0.0	12.6984025397	0.0	11.2007830402	5.14161222832	0.0	0.0	0.0	0.0	4.87782337556	0.0	0.0	0.0	0.0	0.0	4.42390168478	0.0	4.54473450895	0.0	3.72976634596	0.0	0.0	3.5889883178	0.0	0.0	0.0	0.0	0.0	0.0	0.0	0.0	0.0	0.0	0.0	0.0	0.0	0.0	0.0	0.0	0.0	0.0	0.0	3.45844029169	6.5609953122	3.11821022365	0.0	0.0	0.0	0.0	0.0	0.0	0.0	0.0	0.298390019679	0.0	0.0	0.0	2.88194337639	3.96807919361	0.0	0.0	1.2764851353	0.541862748372	1.18134083627	0.0	0.9895012379	2.06487641298	2.18622403725	0.0	5.25530385106	0.0	0.0	0.0	0.0	0.0	0.0	0.0	0.0	0.0	0.0	0.995785759158	3.68938753788	0.0	4.59493411898	3.68967793793	0.0	0.0	0.0	0.0	0.0	0.0	0.0	0.0	0.0	0.763832672766	0.757747471549	0.0	0.0	0.751757310352	0.0	0.0	0.745860869172	0.0	0.0	0.0	0.0	0.0	0.0	0.0	0.0	0.0	0.0	0.0	0.0	0.0	0.740055508012	0.467269533453	0.0	0.0	0.0	0.0
