0.0	3.03160181896	2.41628144976	0.0	0.0	0.0	0.0	0.0	2.8118416871	0.692802415682	0.0	2.05476123286	0.0	0.677190406314	0.673396404038	7.64212458528	0.0	0.0	0.0	0.0
0.0	0.0	12.8179303092	0.0	0.719016468591	0.478961412623	0.0	0.0	0.0	0.716727469964	0.0	0.954573327257	2.85646028613	0.0	1.89828336103	0.558047365172	0.0	0.0	0.0	0.0	0.0
0.0	0.0	6.00856877254	3.85694864445	0.557294715153	0.0	0.0	0.185297258791	2.49589782858	0.519870547713	0.365716681827	1.60938219984	1.67937513894	0.540121530093	1.5802234252	2.23412005632	0.176501226444	0.190681974107	0.0	0.0	0.0	0.0
4.07024051157	0.0	6.63430320388	1.70693099517	0.312848262457	0.247912370249	0.185816287702	0.0	0.0	0.0741973010962	0.245099470588	0.875803094904	2.91741164992	0.120488245542	0.964520984257	3.93444852786	0.118432965788	0.0	0.23674127159	0.354804857422	0.0	0.0	0.0
1.53744198489	0.0	8.03202983136	2.52434331842	0.567467846784	0.210497703166	0.0849242170704	0.0	0.320433513482	0.0	0.280209524342	1.85084830027	4.92609466994	0.0811672580849	0.637903027766	2.7114712679	0.0777681390026	0.0408064689823	0.11659292852	0.0	0.0	0.0	0.0	0.0
2.70564997025	0.44279499513	5.82954993588	1.10271748787	0.35087499614	0.350572496142	0.175172248073	0.525062494225	0.0	1.38075998481	0.34445499621	3.1632749652	3.55079996095	0.335879996305	0.065818499276	2.52384997225	0.0	0.166249748171	0.332294996345	0.019364774787	1.63485748202	0.0	0.0	0.0	0.0
0.0	0.0	4.57535215041	4.74450822992	0.482773426905	0.0	0.0	0.0	0.147251329208	1.63918897042	0.466346619183	1.0812755082	4.81899826494	0.0	0.900354423166	0.972579857114	0.0	0.222550224599	0.0	0.444098408725	0.0	5.50472258721	0.0	0.0	0.0	0.0
2.10924892261	0.0	4.43018872778	1.72003567081	0.486734589826	0.182944241348	0.0	0.0	0.269327805038	0.913170056135	0.315222422936	2.12651812934	5.20244302894	0.0962588175411	3.95398954205	3.96033454453	0.0486132489591	0.0345546134762	0.272419306242	0.123738078258	0.0645932051913	0.527442505702	0.162222543267	0.0	0.0	0.0	0.0
1.18795881188	0.0	4.199748042	2.74333642743	0.39399640394	0.0	0.196074201961	0.0	0.716307207162	2.35596202356	0.568666005687	1.5401736154	5.86569205866	0.716699207168	0.0	2.55761522558	0.0373732803738	0.175089041751	1.22108001221	0.0	1.17256161173	0.949552809495	0.0	0.508239205082	0.0	0.893874808938	0.0	0.0
0.0	0.919886020771	6.65590759741	0.0	0.0	1.11296226711	0.0	0.370167688841	2.0654326957	3.60043786411	1.07264065743	0.0	4.74567713897	0.69545786691	2.12528581007	1.71816921236	0.0	0.342579982218	0.086079560659	0.3408399818	0.0	0.71933067264	1.0112244427	1.00818524196	0.409735298336	0.0	0.0	0.0	0.0
0.0	0.0	9.10619535585	3.83777804274	0.82870457736	0.574064707227	0.275236359629	0.0	1.30222733586	1.38781729221	0.134565531372	2.44760875172	3.1493983938	0.328892832264	0.544151722482	2.30676482355	0.0	0.195422300335	0.667964659338	0.0	1.05775746054	1.37260729997	0.0	0.177625709411	0.305216844339	0.0	0.0	0.0	0.0	0.0
1.54219597353	2.80864972995	9.86607134597	0.0	0.0	0.0	0.378057834766	0.754367267523	4.10790772409	0.0	0.0	2.01013841166	3.31477181198	0.714665521866	1.42309073656	0.708450014717	0.0	0.0	0.0	1.05731201591	0.0	0.0	0.0	0.694360498514	1.38283409026	0.0	0.237127022696	0.0	0.0	0.0	0.0
11.3613870205	1.9370098789	4.59728445936	1.73912168695	0.893005666214	0.17369072848	0.0	0.0	2.10707404386	0.874266448038	0.0	0.455885242208	1.7646353117	0.0	0.0	3.53837143222	0.0	0.0	0.279333070953	0.278982350613	0.182574257097	0.984234554707	0.0	0.0	0.54596852959	0.0	0.0	0.0	0.28717531856	0.0	0.0	0.0
0.0	0.0	8.81624550124	3.68471337359	1.10852261155	0.0	0.0	0.0	0.847156055985	1.73309040538	0.537051808702	1.49992894501	3.81872635082	0.309197407436	2.18753662812	2.64676125005	0.0	0.0	0.0	0.0	1.33045417382	2.32761170431	0.0	0.0	0.0	0.0	0.202050385651	0.201947095669	1.74900630267	0.0	0.0	0.0	0.0
1.99706099859	0.0	7.19722055337	2.4199223136	0.571560285117	0.589896481432	0.0364619326713	0.0	0.70188565892	1.51464869556	0.282012603316	1.86656222482	4.31606113246	0.184187142978	1.9587022063	4.74180904691	0.0582317882955	0.0582202282979	0.813337636518	0.289242361862	0.0100674319765	2.3895535197	0.0	0.448521109846	0.807037437786	0.167410526351	0.27880538396	0.111447897599	0.0525874494301	0.137545952353	0.0	0.0	0.0	0.0
4.61404866191	0.0	7.6127077923	1.66016501855	0.515563850487	0.0	0.0	0.102462470286	0.0	0.555505838902	0.335967002569	2.99626163108	4.58776366954	0.0449991369502	1.67536901414	4.23748377112	0.236623031379	0.157631204287	0.0	0.0409545381231	0.0	1.52457855787	0.309358610286	0.230320233207	0.838092256953	0.227278734089	0.453974368347	0.0755866780798	0.0	0.0	1.96730392948	0.0	0.0	0.0	0.0
3.02536905869	0.0	10.9842027733	2.97838909815	0.693031817855	0.0	0.0	0.0	0.0	1.87752442288	0.0	1.24389975513	4.62819211232	0.65695264816	2.18098616797	3.42862991995	0.127585692828	0.0	0.402252862108	0.0912826033225	1.01208514985	0.907858037398	0.0	0.424637643305	0.967427187361	0.0	0.0	0.123289456437	0.246403593021	0.0	0.0	0.0	0.0	0.0	0.0	0.0
5.83756812132	0.0	6.62788867928	3.12596570693	0.373370963599	0.372523663003	0.0159564092652	0.108323496476	0.0	0.583261011784	0.502863655022	1.65020856505	4.37429108824	0.249016095805	2.4012683953	5.98197922329	0.100397720881	0.0	0.0	0.0712209802819	0.0	1.40344799083	0.0529633173922	0.793480360198	1.96015408387	0.254764419864	0.0	0.0	0.0	0.159086052315	0.0	0.0	0.0	0.0	0.0	0.0	0.0
2.11132475758	0.0	8.87261645984	2.22591751186	1.27714909042	0.395401242235	0.237552725217	0.0	0.0	1.4230576322	0.447256021544	3.58990796763	4.77317809552	0.373029511161	1.82085287348	2.96217101809	0.0525741190229	0.1842091065	0.313352814972	0.0678197129398	0.584515766779	3.14816954388	0.165535153951	0.372736911278	0.820237272725	0.284379346533	0.227240289331	0.0	0.156068217729	0.333189187057	0.0140094164102	0.112809794989	0.0698154721437	0.583922967014	0.0	0.0	0.0	0.0
4.90514263442	0.0	9.13609286889	1.728096262	1.43185642565	0.517591939344	0.109498642546	0.203144969201	0.0	1.02610078677	0.498692556164	3.72565108417	3.94316949058	0.0	2.15219358455	3.29028667165	0.0	0.0	0.0	0.0	2.17844056119	2.0744939537	0.123058540478	0.0	0.565433196764	0.27079781899	0.360678308996	0.0901008398101	0.360128799486	0.0899635599326	0.0899362599568	0.0	0.0	0.129450244789	0.0	0.0	0.0	0.0	0.0
10.5298775781	1.21965171948	7.34207831132	1.5356396468	0.349322719656	0.0645983851424	0.0	0.0	1.01331176694	0.814855812584	0.517343881012	1.51639165123	2.81411535275	0.0841591806432	1.79095558808	3.75333513673	0.0	0.0816195812276	0.0	0.0	2.0939035184	2.80990335372	0.0	0.935203784904	0.299387931141	0.0	0.0783775819732	0.0	0.144900766673	0.0	0.0	0.0	0.0	0.0782755819968	0.0	0.132791169458	0.0	0.0	0.0	0.0
6.28931460377	0.0	7.60114989537	3.1529720974	0.420479372942	0.481897339777	0.111625309722	0.0	0.0	0.418261274139	0.19683433371	1.80965702279	6.98246022948	0.235235322973	2.13839484527	3.86527291275	0.154938506333	0.0173487716317	0.211311015892	0.233282904027	0.353302959216	1.57998334681	0.187356778827	0.178806643445	1.25162272412	0.179882072864	0.214171584347	0.0	0.358915446186	0.0	0.0597488577355	0.0618107466223	0.0159616603807	0.198961822561	0.0	0.0	1.0866757132	0.952363885725	0.0	0.0	0.0
0.0	0.0	7.8723579598	1.71732206381	0.986647696285	0.0115893598294	0.208416704834	0.404621903525	0.953051879384	0.606761705201	0.386948714635	3.68405705308	10.260437161	0.187666594396	2.4266478206	5.16591859846	0.183903812504	0.0	0.18127293118	0.0	0.0	3.94893438631	0.0	0.0	0.685822544967	0.531493467343	0.174823407936	0.0	0.0	0.355707418921	0.0	0.177768869418	0.177712589389	0.0	0.177655889361	0.0	0.0	0.532459467826	0.0	0.0	0.0	0.0
2.17448124818	0.0	8.70591439766	2.88082548611	1.06072465765	0.0	0.234842925603	0.0	0.611305579011	1.61634090213	0.573891255812	3.30909715164	5.51002341622	0.107783436826	4.22211671771	4.108059147	0.109411417835	0.0	0.63959529655	0.319041707806	0.608188077076	0.949358888601	0.0	0.259724461029	2.06837868239	0.422960302235	1.05071425144	0.0	0.621857785551	0.0	0.105206445228	0.0	0.42041986066	0.309736502037	0.0	0.0	0.0	0.0	0.0	0.0	0.0	0.0	0.0
3.35203564025	0.0	10.7823359895	3.16146716974	0.708620262192	0.19427019188	0.0	0.0	0.823499904696	1.98312913376	0.34672980829	1.37226810774	4.54577368194	0.0	4.56764169004	4.48505365946	0.329202401805	0.207079476619	0.145490893832	0.0	0.0	2.55930054694	0.0	0.721468266944	1.21480524948	0.314093236215	0.236571807531	0.104400158628	0.730043870116	0.507447787757	0.0	0.0	0.207752676868	0.0905947135201	0.0	0.1037828384	0.0	0.0	0.0	0.154470417154	0.050670418748	0.0	0.0	0.0
3.90346516181	0.0	8.21408165339	1.03254833637	1.40798814047	0.0	0.0	0.0	0.0	2.03261114642	0.216803425611	1.43774666457	6.39338017864	0.135485659743	2.84149130161	6.97320564831	0.205206016217	0.0647550524515	0.0	0.0	0.0	3.00167343135	0.0	0.457141870287	2.21388929325	0.460354872888	0.634203513707	0.0	1.2159279849	0.23291343866	0.0652041528152	0.18132134687	0.190594954382	0.0	0.0	0.130090155373	0.0	0.250319902759	0.425114444343	0.274819272604	0.407662980207	0.0	0.0	0.0	0.0
0.0	0.0	6.77565784652	2.38881533565	1.10072872525	0.314446607244	0.0647233403245	0.0	0.0	1.79750409813	0.229567459275	1.43411352089	7.05809767338	0.27737292997	4.08474229605	5.8549684109	0.0	0.0	0.0	0.102609377101	0.753235738266	3.95929577295	0.0858575673691	1.79351590058	1.75272772558	0.495502496257	0.532702673455	0.0466085514289	0.88060046019	1.66887437698	0.0491123298939	0.0383547764885	0.288795182969	0.228262440075	0.0978295200307	0.0	0.142955492368	0.0	0.0620521219621	0.958358812525	0.0	0.648438602509	0.0335718374205	0.0	0.0	0.0
5.80844596706	0.0	6.13565985252	3.25647376024	0.41357071525	0.0	0.0	0.0	1.42616280084	1.59569644151	0.479804032069	2.30474759334	6.05477288082	0.299008725347	1.70798410221	2.81597581441	0.075222533672	0.0689818758566	0.150290907398	0.0	0.0	3.41510340471	0.0	0.80863001698	3.71483169981	0.267525316366	0.135300732645	0.0	1.9128570305	1.86349294778	0.404642128375	0.166253981811	0.196937451072	0.614858484801	0.0	0.0	0.257824989761	0.0	0.145176839188	0.0665096767218	0.0	0.132933343473	0.0	0.304323953487	0.0	0.0	0.0
2.37672005466	0.0	7.97678418346	3.04410727001	1.01280962329	0.43649857004	0.0992712022834	0.0468857770784	0.271759686251	1.42983843288	0.404401929301	1.68546243876	7.20600016574	0.0894230420568	2.12451844886	4.68948970786	0.0181683844179	0.0181514884175	0.622416014314	0.355249448171	0.0	4.21565769696	0.0	1.5997968368	1.30035842991	0.568411213075	1.07434082471	0.140806083239	0.344499847923	1.45517283347	0.131939043035	0.581169613368	0.135804963123	0.385102088857	0.157228803616	0.105405122424	0.743116817093	0.0	0.0	0.0244606085626	0.0556545612802	0.142409763276	0.031175040717	0.851212819579	0.0483211211112	0.0	0.0	0.0
7.10043465697	0.0	7.60993605833	2.49620406696	0.808954749478	0.25832279647	0.0	0.0	0.0112066788321	1.03746108098	0.369511505824	1.86134121292	6.20819470537	0.085113389992	1.39847305679	1.71479218512	0.0	0.0167139293611	0.378376085408	0.103366358545	1.28654738831	6.39209148928	0.0	1.28183849384	1.78023650822	0.369489945849	1.34683691747	0.0490156224069	0.611744681199	1.2591515205	0.114359985627	0.263828920001	0.300489206925	1.1921685992	0.165005836118	0.21660424549	0.393238747945	0.129559277768	0.117759601632	0.0279690201364	0.0	0.0	0.0	0.0454586675861	0.198202807112	0.0	0.0	0.0	0.0
0.0	0.0	4.63302573665	2.04623032535	1.14102018142	0.280783544645	0.317034550408	0.0	0.0	2.3930403805	0.459922073127	2.35843537499	10.2901016362	0.399393563503	2.14348534081	5.8610509319	0.147201023405	0.0	0.67382510714	0.0	0.120587019173	3.41235554257	0.0	2.43621038736	2.18035534667	0.56718009018	0.79165012587	0.0	1.54256524527	1.95159031031	0.0535425085135	0.0618145098285	0.58044009229	1.11940517799	0.135009021466	0.259577541273	0.479078576174	0.491878578209	0.212483533785	0.0410270065233	0.0410195065221	0.0	0.0410120565209	0.295738047023	0.0409300065079	0.0	0.0	0.0	0.0	0.0
7.13526313632	0.0	5.48362671592	3.01237879065	0.65318306174	0.0	0.26001148361	0.0	0.641090951341	1.42832252836	0.393005317985	2.35611022626	8.30102213888	0.369423917705	2.95642154252	4.19612550867	0.133041774416	0.0	0.319733044971	0.147577296917	0.0	2.97809146116	0.0	1.44952834659	1.24841477364	0.541237965467	1.47036186451	0.17873220371	1.20905293979	1.67916624409	0.0962411627674	0.315835111618	0.0752408747073	0.738664235251	0.264713177653	0.0	0.374113371738	0.118292561732	0.0	0.0840944823211	0.0	0.0	0.0	0.0	0.0839776922206	0.0	0.0711369011776	0.23676719362	0.0	0.0	0.0
0.131986302462	0.0	2.18537118501	0.880088949615	1.20807350723	0.0728524661618	0.126072866832	0.0920388919835	0.676862699796	0.97034008292	0.293063983426	2.1545300078	8.16071796925	0.19937773266	2.32726348015	4.04686060937	0.156384684432	0.0	1.01359365096	0.0	1.03881363232	3.06989573135	0.0	1.31882302539	2.07305126802	0.476137648134	1.7810558838	0.378665280166	1.72659632404	1.85909742613	0.163377119264	0.26503288414	0.299731938498	2.69428960892	0.267850242059	0.193167897249	0.564298382986	0.758663839346	1.48170770502	0.350968540634	0.116808033679	0.0	0.0	0.0777612625343	0.0777212225639	0.021546652077	0.0	6.24945938167	0.0	0.0	0.0	0.0
6.81463569001	0.0	4.80534689173	3.20128029392	0.990225745575	0.259603604382	0.0205986671085	0.0	0.676243067708	1.12464967891	0.236834798735	1.95123788391	10.1721865227	0.0427618946049	2.32432087643	4.25468205516	0.0155801488639	0.0	0.297552143793	0.0302347054982	0.255931763471	2.02366240187	0.0	1.24645960912	1.2733836158	0.395505178086	0.638650158385	0.00743977084509	0.701365073941	0.983341043869	0.0	0.0826651805009	0.10181302525	2.28029376552	0.253317802823	0.623926754734	1.50995447447	1.57024728942	1.25076321019	0.0460520294209	0.0868039515275	0.0	0.0	0.183864995599	0.0	0.0	0.0	0.127205331547	0.0635480757601	0.075830828806	0.0	0.0	0.0
4.41796980819	0.0	5.67313586284	2.4652582786	1.00919588716	0.316554155542	0.0188814908564	0.0	0.0	0.887344804195	0.196448893762	1.73434618092	7.73086126392	0.316430495457	2.05511719933	3.31433865674	0.0595220805286	0.0	0.404585555482	0.0776228928536	0.0	3.0682874892	0.0	1.81800843788	1.68422334679	0.639063435137	0.934897236574	0.0	0.967507858778	1.54136624952	0.131661809649	0.191542990422	0.868541991392	2.90988378134	0.492329135227	0.840262172135	1.77699000995	1.75691279628	2.76395408198	0.174326158698	0.262810078947	0.348578337347	0.0147493540428	0.00566157985495	0.0221113410556	0.00472176861505	0.0462804075123	0.0	0.0073625810132	0.0503520642847	0.0	0.0	0.0	0.0
5.03031682697	0.0	6.02096039138	2.06432613418	0.996209564751	0.0	0.0	0.0	0.347108872562	1.01140056574	0.517577533642	1.05681956869	7.47945048615	0.260593316938	1.76094611446	3.08984520084	0.259643466877	0.0	0.0311792820266	0.00636872541399	0.0790157551359	4.10274726668	0.0	2.07197663468	2.50552516286	0.56691253685	0.671280543632	0.0	0.560730536449	0.992326564498	0.222187914442	0.0	1.3831125899	3.5138237284	0.156200010153	0.787303051172	1.81512111798	1.67819310908	2.907690689	0.306412719917	0.175472011406	0.262566167067	0.0	0.0572874537235	0.0648433542146	0.0	0.0547830285609	0.0871167056628	0.0	0.0446252979006	0.0	0.0	0.0	0.0	0.0
0.21361373319	0.0	5.92944947644	1.82654685481	1.31200752669	0.0681732969753	0.128479151991	0.115911068862	1.75454763688	1.78103004348	0.966263440598	1.90599407459	10.2253225461	0.409610421993	2.79050869484	4.58828274248	0.0824292205251	0.0	0.288532231845	0.13000011237	0.139448994723	3.06414156297	0.0	1.99370129643	1.97004689054	0.758861788955	0.803762600138	0.0	0.700151374339	1.48084196873	0.322945360413	0.27995862971	0.524437890585	2.42231420315	0.269333747064	0.649672961767	0.919100228855	0.883047419878	2.44440620866	0.19967812972	0.342998405407	0.323929840658	0.0	0.47365651794	0.0377074413891	0.0	0.0188387966908	0.271883427699	0.0339620484566	0.0187354766651	0.0	0.135734513798	0.0	0.0	0.0	0.0
7.89946507466	0.0	8.31003639044	2.94537466499	0.916287104623	0.135215503981	0.0	0.0	0.981039154418	0.622172578452	0.876558074071	1.5036383563	5.87197351554	0.103984039964	2.32973429157	3.17165913901	0.0	0.0743896172058	0.0	0.249910422181	0.0	2.79358354827	0.0	2.29966106844	1.87833384444	0.571659139607	0.829242337687	0.0221134520053	0.797060112938	2.09480291091	0.215658525841	0.175977945327	0.106694392048	2.44617968111	0.0937120620645	0.207778839782	1.21050993088	1.01668128183	1.93695268952	0.15447353879	0.227860525225	0.294125356182	0.0	0.806767220405	0.14635958255	0.0731424562465	0.0430185600813	0.0129009339208	0.0	0.109535844233	0.0	0.0364933090634	0.407282983201	0.0	0.0	0.0	0.0
7.25035143667	0.0	5.82993076341	2.61112643767	0.726815744508	0.0	0.0803021980631	0.0	0.0	3.94215746858	1.75059162978	1.80490285552	5.45952518782	0.252544879706	2.56921561781	4.2084413948	0.12208831787	0.175419343149	0.0	0.0	0.518139765598	4.17853078062	0.0	1.10109572192	2.0204657577	0.763663161978	0.592806680993	0.0261060443742	1.03808449205	1.04043349317	0.0	0.176474363649	0.542316497058	2.79398312435	0.392274485938	0.0391537885589	1.39009825891	0.696876130322	1.26071179758	0.0	0.0891941822779	0.755461958086	0.0	1.10735392489	0.106910870676	0.0	0.0	0.373429117006	0.0532804492549	0.0	0.0532638612471	0.0532472732392	0.0532307432314	0.0	0.0	0.0	0.0	0.0
3.48135458487	0.0	4.68013448626	2.85672147993	1.02785687268	0.608803402276	0.109481008393	0.0	0.134617962616	3.27566285031	2.18945496783	1.94218002629	4.98843313806	0.219141376816	1.75730349522	4.1624860993	0.0918057854232	0.189622491856	0.39428880624	0.0	0.101694777085	3.75386973065	0.0	1.77343409794	2.4309597084	0.877849347476	0.944796658728	0.112336608872	0.724856421776	1.62625267321	0.0611794702784	0.412660229327	0.620597504259	3.17611803359	0.357776060106	0.395556126453	0.687710015534	1.97894883247	2.90521358808	0.241602680589	0.438651503693	1.17810039792	0.111790858781	0.828141839128	0.151432375441	0.0	0.19589301291	0.483048421152	0.0	0.0406222148245	0.0	0.0	0.0609086602324	0.218649316733	0.0	0.0	0.0	0.0	0.0
5.74742528915	0.0	5.87412131756	2.51828456485	0.818742183642	0.212757047722	0.0646350144978	0.0652104146268	0.390793887655	1.86084041738	1.00582822561	1.30282229222	4.64353904155	0.269347860415	1.35146430313	2.14238448053	0.0020900824688	0.0	0.336750675533	0.119476226798	0.855906191982	4.82763108284	0.0266908859867	2.1435424808	2.17668048823	0.521379716945	1.05378023636	0.0698076156576	0.775398173922	1.41979831846	0.238708853542	0.40142709004	0.727908163272	3.47328677906	0.164905836988	0.399994289719	0.82884018591	1.05626423692	2.31870652009	0.509827314354	0.386949086792	1.41699031783	0.0301804867695	2.83715463637	0.298522266959	0.0	0.283047063487	1.55295034832	0.16665123738	0.0189594042526	0.0395778088773	0.033816307585	0.0986748221328	0.11952842681	0.0	0.0	0.0	0.0	0.0	0.0
8.07445554155	0.0	6.21596680574	2.08069364337	1.02065295329	0.0	0.196792283804	0.0	0.0	3.16977646057	1.91939119271	1.0073854409	3.11139330604	0.178567906783	2.05926432335	2.68780891041	0.0	0.0	0.15022545031	0.0	0.182566460517	4.99852766862	0.0	2.4493596877	2.01358748069	0.677832633095	0.709192762387	0.174607783084	0.504585151282	1.19968812051	0.188508476067	0.260453773264	1.18093060299	4.42183923	0.330486718675	0.294142274729	0.939370377369	1.66924825908	2.55723218845	0.157638177234	0.452001272169	1.03981307119	0.0758810208729	0.661777418101	0.13952909032	0.0	0.225827700923	1.20820982847	0.237135891485	0.0496613663837	0.0382305657073	0.0	0.0248154941777	0.0401567035063	0.0	0.0247885321525	0.0	0.0	0.0	0.0	0.0
3.89916777546	0.0	6.47435029134	2.93439813205	0.984206644287	0.510338142965	0.0872402039258	0.0715238232184	0.0	3.33676575015	1.49644446734	0.977213043977	3.43428555454	0.119222905365	2.14301149643	2.40299610813	0.0370645316679	0.0	0.554829344967	0.161965707289	1.11943485038	5.49584764731	0.0	1.92720808673	1.80149688107	0.501635202574	1.00475344522	0.0	0.498602162437	1.82080368194	0.212149749547	0.333155774992	1.4844412668	3.50635435778	0.249406791223	0.620744027931	1.29458485826	2.03948389178	2.53186931393	0.557728465098	0.7400196333	0.794176635737	0.045533794049	0.919869241391	0.255839291513	0.0	0.0	1.89014448506	0.162689867321	0.241012610846	0.0	0.0147524046638	0.0341381935362	0.160328287215	0.044156277987	0.0588575946486	0.0137573046191	0.0	0.0	0.0	0.0	0.0
7.64807099887	0.358083669488	5.91781447785	2.27916900565	0.603392343229	0.397770503915	0.161437436652	0.0613575659233	0.0398534063615	2.28480750344	1.11982456058	1.52759190057	4.16592376529	0.22556007149	1.91322734925	2.42099455	0.0560667019995	0.0451760852729	0.0280626459882	0.0606714331926	1.24407941183	4.66798946828	0.0	2.29120200093	2.08305638261	0.703823123821	1.22096472089	0.109217387143	0.841786769685	1.87738666332	0.144816153174	0.0920725738708	1.10794276524	4.6554524732	0.264816616086	0.593651917051	0.764057400183	1.03035199569	1.56793078474	0.346334174098	0.572538735336	1.25980420565	0.0316134505949	0.747318306754	0.385817518605	0.0	0.186197056936	1.81324638848	0.0949793927298	0.171469552715	0.0881016854288	0.0917317440043	0.00286879207428	0.17257961228	0.0208986037994	0.0	0.0721878916733	0.0	0.366858306045	0.0	0.0	0.0	0.0
4.61629545298	0.0	6.79027354886	3.67984083937	1.67073958109	0.0	0.030486598954	0.127623069111	0.0	2.26443571652	0.768902575386	0.0	6.10025739147	0.894861004115	2.57489338733	4.32770658715	0.0821228987322	0.0	0.783347378682	0.0463021545615	0.940697814573	7.74771376723	0.0	2.00330285695	1.30339869731	0.624060942348	0.148763553933	0.000790009780198	0.0	1.62005156954	0.466783466474	0.0578672131995	0.646080147373	5.49135485258	0.421754976202	0.0	0.357098961454	0.572409090566	2.05768366936	0.494753392853	0.695353758611	0.5769402916	0.0573541890825	0.203952046522	0.50495435518	0.113877785976	0.227535411901	0.417330655193	0.113076505793	0.329322955119	0.215756209214	0.224930611307	0.336860236838	0.27010182161	0.0	0.0	0.0	0.0	0.0	0.0	0.0	0.0	0.0	0.0
3.24935397525	0.0857953833373	8.18563863975	4.01346738153	1.48322734753	0.608437227244	0.225510824778	0.151882781987	0.0	2.21712877729	1.24623103168	0.0	3.91200896037	0.0	2.19082329773	3.57108422527	0.0645847298177	0.0	0.402493987262	0.0	1.83984957044	8.15053866705	0.0	2.55390651562	1.31377897919	0.5788934502	2.17036131363	0.0272353688381	0.235159417281	1.23930853706	0.321758849993	0.65181299354	1.32571296992	5.26632840806	0.347936279653	0.174276564587	0.60402828067	1.52897431199	0.946015764947	0.449108701042	0.270670839689	0.96939624678	0.0	0.293297322108	0.0671676978108	0.0	0.100716121743	0.593490488858	0.133793946042	0.367550014413	0.0898175802114	0.133367546373	0.29980706705	0.0528070639689	0.166076820958	0.0332016492023	0.0224078875891	0.0	0.0737781926745	0.0	0.0	0.0	0.0	0.0	0.0
2.87061920082	0.0	6.67986465584	3.84040407676	0.860099399491	0.444803350028	0.0	0.221813614604	0.0	2.01389900369	0.872005807787	1.59179570948	5.60698110806	0.150204224692	2.08053925014	4.21321193661	0.0248038072882	0.0	0.653136455236	0.0703362490241	0.119002702945	8.51169593267	0.0857571597729	2.19202652784	2.10651686824	0.828736177632	1.45955801731	0.0800699358089	0.954453065254	1.95789136465	0.0	0.0	1.61302132428	6.29673438882	0.657801338487	0.318615882075	0.65209431451	0.673741669597	1.56777829274	0.262211582761	0.26081832179	0.74244111748	0.0	0.270566528585	0.188314631256	0.0	0.0191314993346	0.150349424793	0.362888052933	0.150761265081	0.0642434547777	0.146016521773	0.258589500237	0.392003313226	0.190192992564	0.0142986459661	0.0839203784925	0.0	0.0	0.116272941042	0.0142701339463	0.0	0.0426968817597	0.0	0.0	0.0
15.9344779121	0.0	1.92387173086	0.0	0.0	2.17063276048	1.07354782883	0.0	2.44898429388	0.0	1.02897272347	1.67447760094	6.46950067634	0.0	0.950073514007	6.04405062529	0.0	0.0	1.35743356289	1.3216622586	2.10309005237	3.2149886858	0.0	0.0	2.69880052386	0.768402992205	1.84023562083	0.0	0.181756951811	0.886349806363	2.11906955429	0.358035312964	0.504623960555	0.0	0.0	0.0	0.0	1.34479736138	3.0599841672	0.0	0.0	1.08529963023	0.0	0.205377804645	0.0	0.0	0.535805094297	0.533881524066	0.531971353836	0.0	0.0	0.530074583609	0.0	1.05451312654	0.524465342936	0.0	0.0	0.0	0.0	0.520791062495	0.0	0.0	0.0	0.0	0.0	0.0	0.0
6.09503509477	0.0	8.72895298502	4.50873164268	0.315668130968	0.160822664452	0.466305758938	0.0	0.0	1.97323011845	0.526591138116	3.86345946556	6.66714609717	0.851373305934	1.47802708949	4.7049795749	0.0	0.0	0.986584459232	1.2938423531	1.75422939409	9.1687088331	0.0842431309021	0.0	1.25308316719	0.199117531225	0.0	0.178288458419	0.307735253709	1.55122226421	0.204214129464	0.761280137051	2.07500568329	1.35056793351	0.490815670473	0.489831710812	0.0	0.0	0.0	0.00827165314298	0.0	0.484091152795	0.0	0.0	0.79049972696	0.0	0.0	0.164366823227	0.157489305603	0.314673971312	0.0	0.314067411521	1.09606442142	1.5573286621	0.0	0.31027845283	0.00467454958541	0.0	0.154599306602	0.154501386635	0.0	0.0	0.0	0.0	0.0	0.0	0.0	0.0
6.7367920147	0.0	9.39483943549	4.1040883113	1.38901925148	0.268459863895	0.0	0.0	0.0146173150129	1.43375198212	0.835424972265	1.98017715642	4.37699039824	0.219748590528	1.92113381597	2.67949953546	0.0190493950489	0.148440491682	0.103289620753	0.0	1.07178463417	10.2582370269	0.0	1.31589990139	2.16624958388	0.783033236378	0.729661699815	0.287790917136	1.26852446894	1.12946177368	0.0	0.0	0.753183815934	2.75238428538	0.226051744846	0.103141270652	1.41773707115	0.60703688582	1.29980219036	0.0981284172177	0.105013931935	0.167719794888	0.00924766233468	0.139703015697	0.0349129889154	0.034907951912	0.139580885613	0.487895884208	0.113389847672	0.278152300535	0.330120376132	0.597516259298	1.27639047433	2.03674339517	0.64699274319	0.177399811519	0.320231979359	0.0678113834508	0.135565772862	0.00727246698166	0.0	0.0	0.0	0.0	0.0	0.0	0.0	0.0	0.0
4.03646180938	0.0	10.4962973054	5.13717057547	0.597548415894	0.0	0.103994872381	0.0236754164781	0.219761652954	1.82231826834	0.588308409463	0.531571269974	4.70608227543	0.0	2.77037792819	3.01262709679	0.0944531657391	0.0	0.0	0.0	1.81029225996	10.8407675452	0.0	1.24814286871	2.46733371726	0.197377037374	0.671301867226	0.0	0.222913755148	1.41932798785	0.0	0.243978169809	0.579734103495	3.97136176407	0.0	0.0906927631225	0.341491737678	0.184814828631	1.28939389742	0.0	0.0	0.0636230442816	0.0	0.0	0.0389282870941	0.0	0.0778393541765	0.544237078789	0.218507952081	0.189408231828	0.387151369457	0.77261153774	2.11314047075	3.14097218611	1.52602906212	0.299909608737	0.582385705341	0.0372856659508	0.102231571153	0.148943303664	0.0	0.0	0.0	0.0372228059071	0.0	0.0	0.0	0.0	0.0	0.0
6.00911962267	0.0	9.09999767138	3.94114552459	0.821100680117	0.255473582701	0.31404147415	0.0	0.0	1.66996235619	0.0619571469542	2.60926381905	9.65550159029	0.747019290937	1.44479298906	3.76744404996	0.0478300660168	0.0	0.635736747182	0.0	1.60337146591	7.39258992066	0.0946358861834	1.85682012891	1.72959524748	0.388377753297	0.463476572333	0.0431759456963	0.299115146329	0.513017525099	0.0993034255018	0.121198402305	0.0714096595744	0.572455876422	0.14780990842	0.0	0.350884078771	0.539489871235	0.557900878547	0.0	0.0	0.0	0.0	0.0	0.0	0.0	0.0	0.465416292049	0.333049591375	0.324970502554	0.294123847058	0.909907467152	2.30263616381	3.96321232137	2.2321686741	0.361762697182	1.18109902756	0.0920912465547	0.201179180628	0.275656039754	0.0459127822967	0.045904191298	0.0458956712992	0.0	0.0	0.0	0.0	0.0	0.0	0.0	0.0
4.09293559326	0.0	8.4530201166	3.8223666615	1.19312698105	0.107041012129	0.140128628242	0.0819043598873	0.0	1.4310006969	0.279987976354	1.65507920603	3.4973441032	0.449643818976	2.05981300313	2.7340789315	0.132604624578	0.0	0.0	0.0174381204924	0.182985929114	8.56440417089	0.3854212277	1.00930369153	1.37731747075	0.500569443778	0.394069871912	0.0	0.203485059097	0.397460353563	0.0847094812538	0.0	0.589696127182	1.08625012901	0.054266930428	0.0813744396295	0.164222719976	0.230860912429	0.230519632263	0.0540294743123	0.0	0.0823550801069	0.0	0.0154905195439	0.0	0.0539391862684	0.137329266879	0.888610032756	0.763833971988	0.599454291934	0.57158091836	1.70056162817	2.21728427982	7.31714756342	6.04246614268	1.63550959649	2.7462037374	0.0706856024239	0.329863120644	0.493118880149	0.0390709630276	0.412880601073	0.128885102767	0.0	0.0152686154358	0.0	0.0	0.0	0.0	0.0	0.0	0.0
4.78288345791	0.0	7.59587496811	2.53356919062	1.33529514914	0.262916276573	0.0	0.0	0.275793486691	1.57826854004	0.473324341891	2.89183157211	12.1391795377	0.41608791692	2.2427150621	4.43568788512	0.00828192950715	0.0	0.163271198282	0.0	0.0273750215086	6.0402145458	0.0	2.10433615338	3.26362086423	1.06585193744	1.09986996417	0.11637961144	0.369074419982	1.40708340555	0.0	0.0	0.91493161886	1.81433612552	0.126745619584	0.146666605236	0.232278152501	0.72257792773	0.864970379608	0.0241916350074	0.0	0.100805779203	0.0	0.0	0.0	0.0	0.124878278117	0.655401084949	0.176422158615	0.0675810440984	0.00314099536788	0.315920158218	0.0545103108287	2.43263931132	2.17720481063	1.08453995212	3.17544409494	0.0691190823069	0.759171396483	0.256809091775	0.0	0.0	0.0229443560273	0.0	0.0479835947007	0.0	0.0	0.0	0.0	0.0	0.0	0.0	0.0
1.05194709678	0.0	11.5255750603	4.94262325472	1.52519194032	0.411909937895	0.0403073597083	0.0	0.0	1.94255197872	0.665348861212	1.96352358064	6.53204720095	0.174485356053	1.73969576005	2.49625702966	0.0	0.0815642875036	0.574488692853	0.188879837377	0.432995499836	8.58118878951	0.0	1.8902043739	1.82465516787	0.952957287675	1.13232590418	0.108173209952	0.558748151405	1.29252111891	0.149277993734	0.297380127359	0.649254599731	2.42806602338	0.304666168029	0.118760390926	0.222520240472	0.286438486352	0.517276327589	0.0719221606169	0.0287640986463	0.074436606848	0.0	0.0	0.071837282609	0.0	0.0	0.628780277848	0.278926745661	0.516372787507	0.606111855762	1.19575871001	1.27761011754	3.70048134044	3.22162729639	1.33072732243	2.43521442404	0.0406055797357	0.635257498444	0.214540819738	0.0269725584814	0.0134853912407	0.0	0.0	0.0	0.0	0.0	0.0	0.0267600304619	0.0	0.0	0.0	0.0	0.0
8.21205622478	0.0	8.99828182073	4.41799084884	1.15752837741	0.0	0.0244392185249	0.0	0.569254931495	1.71326379865	0.566884179698	1.49028112964	5.16184891268	0.545374163393	1.23848343877	3.05108481272	0.103138578179	0.0	0.362033524421	0.206581656589	1.45127360006	7.58040574597	0.22023691694	1.73518631527	0.819090620872	0.367629278663	0.984435746205	0.0688106771585	0.889440674198	1.102890836	0.0764115579203	0.0	0.281857713648	2.03616154341	0.051957789384	0.133893851491	0.305798481795	0.631829728927	0.365206776826	0.0	0.0663887003226	0.110610833843	0.0	0.0508093885135	0.0221036417545	0.0	0.0322921744774	0.780743091802	0.401176804092	0.312708237033	0.252349691281	1.04490829204	1.66509126214	5.35375155815	2.81685963518	1.12667335402	2.46981187212	0.0683476268075	0.825143125455	0.536628406764	0.0	0.0407470058862	0.0	0.0611087713204	0.0	0.0	0.0	0.0	0.0	0.0407030558529	0.0	0.0	0.0	0.0	0.0
4.46442955356	0.0	9.0792630921	3.85076761492	0.806831119318	0.0608842019116	0.160383543962	0.0366068403393	0.0	2.10196218981	0.647218215278	1.51871544813	5.41745425826	0.236257376375	1.57119344288	2.15020698498	0.100984989902	0.0255365294463	0.244162895583	0.0	0.168541383146	8.82420711756	0.0	1.57266784273	1.8610042139	0.539747386026	0.630966376903	0.0	0.874805512516	1.26547587345	0.0	0.334965406504	0.874395112562	2.54432014557	0.14170578583	0.141521105848	0.191046500895	0.483227711677	0.637152776285	0.0284152571585	0.0568204823179	0.224767697523	0.0283686691631	0.108585749141	0.0979183902082	0.0	0.172655262734	2.12115978788	0.415527678447	0.546515945348	0.374109962589	1.07049789295	1.61237783877	5.94979620502	3.74124402587	1.7389634261	2.14391418561	0.0255310574469	1.14357948564	0.698515170148	0.0252861094714	0.0758425964157	0.0252756214725	0.00785665121431	0.0	0.0	0.0	0.0078663032134	0.0	0.0	0.0	0.0	0.0	0.0	0.0	0.0
4.49580780147	0.0	7.24710317554	3.09537765837	1.18116488939	0.0	0.0	0.0865033611935	0.0	1.98094868533	0.521625847798	1.88921086285	7.72849189351	0.463929733663	3.23753509319	3.52827946443	0.194435057637	0.0265931115153	0.316878177635	0.0	0.952428633349	7.28518738487	0.088354441647	2.25153445163	1.52724917417	0.545341083609	0.854600109378	0.0	0.844128106814	1.79155943893	0.0450169060292	0.130561231987	0.759527416084	2.06485560589	0.116591118565	0.170288621721	0.576456791232	0.347193085063	0.518335636992	0.0293731971964	0.0	0.259953603689	0.0	0.0468814614859	0.118090308932	0.0439081057575	0.141165674585	1.66526400799	0.467547194549	0.322630079044	0.364589699325	0.864425311781	1.26278490939	3.4877697545	2.85394409921	1.61077879464	3.56764187407	0.0	1.10456527062	0.736883250537	0.0	0.118172698952	0.013126578216	0.0	0.175516153001	0.0	0.0	0.0	0.0	0.0	0.0	0.0260972313938	0.667286013485	0.188510676185	0.0	0.0	0.0
1.85513619408	0.0	7.30312358935	2.57854711378	1.89524378963	0.315630084965	0.0	0.0	0.0	1.73925940694	0.552821038637	3.40139242245	11.5688807159	0.536796720416	2.70315209995	4.84237206249	0.0998142489209	0.0	0.525999181614	0.140944424356	0.222038675354	5.81067955502	0.0	2.99355386771	2.46338012656	1.0846990796	1.13172527438	0.0339217282347	0.751653156567	1.47994843572	0.116684087048	0.28414694846	0.928121896978	2.71208309896	0.256775191498	0.15784390248	0.251301932106	0.40134583545	0.686920963752	0.0189816878931	0.0717452500363	0.226109494902	0.0	0.0538476840229	0.105383448302	0.0	0.0	1.70156201112	0.142576964174	0.220233755554	0.0	0.225107195013	0.771474514366	2.20642475509	1.85980839356	1.74882220588	3.5558012053	0.0330734783289	1.16453987074	0.984032290769	0.0328574963528	0.0	0.0164229761771	0.0	0.0564880617298	0.0	0.0	0.0	0.0	0.0	0.265724130504	0.0	0.0	0.713046280852	0.0	0.0	0.0	0.0
4.88540741823	0.0	6.37444682378	2.53726670946	1.37525570513	0.12049475045	0.0	0.0	0.0	1.49059570556	0.492397521837	3.56812981331	13.3532910498	0.597389312229	3.26471451217	5.31156501981	0.112058340418	0.0	0.234851200876	0.0719347142683	0.642715562398	4.88636331823	0.0	2.76862611033	2.68294271001	0.987010203681	1.22765210458	0.0317924441186	0.797734102978	1.64634420614	0.0306509731143	0.12065749045	0.950733403547	3.03479291132	0.244494730912	0.215716610805	0.488257131821	0.488641071823	0.823393303073	0.046380189173	0.0518730591935	0.000317522331184	0.0	0.0309163341153	0.0208314310777	0.0	0.0	0.440183261642	0.0717083792675	0.119147800445	0.0	0.0347310861296	0.230894090861	0.895393903342	1.7438855065	1.87853310701	4.4494617166	0.0443814101655	1.88998810705	0.997556703721	0.0221568140826	0.0	0.0	0.0	0.0	0.0	0.0	0.0	0.0	0.0	0.0	0.0	0.0	0.173342590646	0.0	0.0	0.0	0.0	0.0
3.1320238506	0.0	6.15263170652	2.48112788165	1.40410393302	0.137200793455	0.0149192792883	0.0	0.0	1.3899039337	0.429195979527	3.78974381923	13.8059193414	0.583999172143	3.4507518354	5.02008776054	0.0796757561994	0.0	0.196238390639	0.0613873570718	0.259159187638	4.47239978666	0.0	2.77058386784	2.91839986079	1.0209759513	1.24602394057	0.0420772779929	0.958087954296	1.90200790927	0.0487087976766	0.160976792322	0.899991957072	2.92199986062	0.289443186194	0.232107188929	0.432611979365	0.546079173952	0.949415954712	0.0453939178347	0.0541878374153	0.0071782396576	0.0	0.0	0.0	0.0	0.0	0.00539066374286	0.0	0.0	0.0	0.0	0.00524475974982	0.659827168526	1.96290390637	2.65330387344	6.11588770827	0.028469918642	2.71011987073	1.31980793705	0.0223653589332	0.00444171178813	0.0	0.0	0.00741427964634	0.0	0.0	0.0	0.0	0.0	0.0618430370501	0.0	0.0	0.136258393501	0.0	0.0	0.0	0.0	0.0	0.0
2.87367865205	0.0	6.33792854087	2.39944776194	1.2801245132	0.151926900907	0.0147536699148	0.0	0.0	1.19684837982	0.392882557507	3.47780119425	12.591617048	0.590849066872	3.34626524151	4.64949906399	0.0652528161598	0.0	0.23549463441	0.0	0.503235381747	4.22047429198	0.0	2.93630787716	2.82258383157	1.03306631415	1.45488208326	0.0115173136173	0.975045990898	1.79539811977	0.0461148574874	0.150862560481	0.795775909027	2.82398513214	0.257048743051	0.17879866168	0.498712339934	0.631366903115	1.03352801434	0.0424185830056	0.075557559291	0.0	0.0	0.0	0.0135483894315	0.0	0.0	0.089176175751	0.024981220015	0.0	0.0	0.0	0.0	0.779952552683	2.14084705827	3.23234679585	7.60027354695	0.0402055001184	3.22218129177	1.64532935962	0.00755952243061	0.00395289878472	0.0	0.0	0.179144531819	0.0	0.0	0.0	0.0	0.0	0.0	0.0026442865601	0.0	0.126806360836	0.0	0.0	0.0	0.0	0.0	0.0	0.0
3.19713131378	0.0	5.92786295261	2.2955985689	1.31669061159	0.125217300123	0.0071082695423	0.0	0.0	1.3074328101	0.44412355137	3.24794672195	11.4421178388	0.50783838161	3.11404890043	4.31650529366	0.0831865533685	0.0	0.180469729002	0.0767878463398	0.158647885495	3.95772243601	0.0	2.59910521768	2.66931362896	1.01034676236	1.31128681072	0.0441770970992	0.944336751757	1.7324142784	0.0908363345976	0.212082374082	0.825280932619	2.71206843583	0.228289676686	0.191787370821	0.678163888981	0.782540885754	1.07383117256	0.0329380932932	0.0757143021673	0.00471060555699	0.0	0.0	0.0	0.0	0.0	0.110574557769	0.0290995906763	0.0	0.0	0.0	0.0584582193942	1.40375002558	2.42551118978	3.59787357818	8.61533138449	0.0390256102714	3.73720800057	2.03819232754	0.0102901816536	0.0	0.0	0.0	0.414301786578	0.0	0.00310826789949	0.0	0.0	0.0	0.0	0.0	0.0	0.291251746804	0.300361948268	0.0	0.0	0.0	0.0	0.0	0.0	0.0
7.73867739629	4.25003885449	1.79964705729	4.99660707084	0.496529117854	0.988114756926	0.0	0.0	0.321617450882	1.36675236378	0.480486051801	1.71556807797	9.94779655283	0.4329270635	1.20743390297	3.0723604442	0.0	0.410235699082	0.0	0.812627070094	0.0	0.0	0.50495942578	2.68393713975	1.53593952216	0.0	2.46973909245	0.0	0.69817175825	2.07505758953	0.0	0.0	1.6995656819	0.0	0.0	0.0	0.0	1.00141965365	0.700917397574	0.328641739154	0.0	0.0	0.0	0.0	0.0	0.0	0.0	0.655112198842	0.0	0.326477099687	0.0	0.0472391063792	0.0	3.406501762	1.84735544555	0.915141174879	6.55033348862	0.0	2.20628885725	1.16987641221	0.0	0.0	0.0	0.0	2.48582448849	0.0	0.0	0.952018065807	0.0	0.0	5.44949645943	0.0	0.653431449256	0.0	1.60319440562	0.0	0.995941655001	0.0	0.0	0.0	0.0	0.0	0.0
0.0	0.660758804818	3.43675756066	0.535078064768	1.8067047382	0.209676499985	0.0	0.0	0.0	1.63573121976	1.16607904378	2.60124355921	10.4069230359	0.544023220501	3.37054879225	4.4624810714	0.259625396159	0.0	0.963697940318	0.0	0.0	2.08955780328	0.0	0.0	3.82879377366	1.54987486071	1.76333555889	0.0	1.06536309183	0.982723931238	0.225257652552	0.449822305435	1.71319598281	0.645851331929	0.0	0.658870485719	0.360458948061	0.421004439181	0.356206870089	0.0	0.0	0.0	0.0	0.0	0.0	0.0	0.0	0.261682555178	0.0	0.1979039056	0.46662481742	0.058551332071	0.116145064599	2.96813018421	5.18495632678	5.06707078301	10.7322548807	0.0	5.11096076207	0.359542508498	0.0	0.508329117527	0.0	0.0	1.15830064749	0.0	0.0	0.0	0.0	0.0	0.0	0.0744363124939	0.314757089861	1.2119346219	0.329599882781	0.164614721478	0.727003693219	0.490898285842	0.326656524185	0.0	0.0	0.0	0.0	0.0
0.553124527091	5.80551466038	7.93365030274	1.96067720985	1.17236202754	0.0	0.20109121896	0.448136819401	1.02871208543	0.137578394556	0.452325617712	2.15904162991	9.79786105149	1.0317635842	4.06744386082	3.650128029	0.0	0.0	0.110383505515	0.347364260012	0.0	6.57141535172	0.0	0.195371571265	2.68578641763	0.456077516201	1.65669183235	0.0	0.0873825147845	2.49242849556	0.16049608532	0.0	0.488944452956	1.6992598152	0.155794737215	0.0	0.364197653228	0.563879572757	1.01728809004	0.0	0.304163877422	0.151884738791	0.0	0.0	0.0	0.151491188949	0.0	1.85088275409	0.0	0.39441769105	0.230676307037	0.0	0.336568414363	1.9994966942	2.56118496785	2.78693637686	5.77837417131	0.126124649172	3.4464086111	1.34661195732	0.0	0.604972806196	0.0	0.12074500134	0.0	0.0601751307494	0.0	0.179971277471	0.239267253575	0.477557857544	0.829705915629	0.0	0.175915929106	0.17178663077	0.0	0.352768557834	0.0	0.641748041376	0.0	0.22799030812	0.0	0.0	0.0	0.0	0.0
0.0	0.0	4.2986673439	2.75817502065	0.327260126181	0.244997679599	0.0	0.0	0.0	2.72717201817	0.0	3.29923546394	15.8865232709	1.45141351612	3.90274911222	5.0163116013	0.0	0.0	0.0	0.0	2.64453461156	3.89075211126	0.0	2.44183259535	2.81439322515	0.58812652705	1.40014891201	0.0	0.0	2.84229162738	0.0	0.334453166756	2.12012376961	0.153040452243	0.437896555032	0.218637817491	0.520170181614	0.631660590533	1.93481955478	0.0	0.0	0.0	0.0	0.0	0.213785697103	0.0	0.291208063297	0.0	0.0	0.0	0.404843312388	0.0	0.0	3.68848869508	2.16475777318	4.7824173826	0.844398807552	0.36612696929	3.8212039057	1.73400953872	0.0	0.0	0.0	0.0	0.0	0.0	0.0	0.0	0.236289318903	0.0	1.61198412896	0.0	0.0	0.634981910798	0.0	0.170445133635	0.510583760847	1.24460069957	0.226029518082	0.168458533477	0.0	0.0	0.0	0.0	0.0	0.0
10.2945343117	1.07405832385	5.8524629402	2.74242225024	1.96243257816	0.27878275428	0.0	0.0	0.0932048247141	1.82283240106	0.810370937099	2.05788026251	8.27056664363	0.50511756716	1.46027736052	6.32400286286	0.0	0.0	0.0291366432216	0.238268600924	0.0	3.59790180994	0.361417950728	0.0	3.76477648258	0.41073215264	0.919668149177	0.0	2.0225234683	2.29392862379	0.19853744744	0.0	0.487962039974	0.861124988776	0.391440775804	0.390676045929	0.865088708126	0.774546082975	1.51126805215	0.0	0.0	0.191138098653	0.0	0.651943963081	0.0	0.0	0.0	0.728215110572	0.0	0.908645250986	0.0	0.0	0.0	1.38066367357	1.00234423561	3.06782829688	7.29465300368	0.368138699625	3.68685929536	2.39642330699	0.0	0.0	0.0	0.151937645082	0.196231947818	0.0	0.0	0.0	0.450340636144	0.299664490855	0.0	0.148995305565	0.297658271184	0.51945429481	0.147893885745	0.0	0.0	0.0	0.443026547344	0.0	0.0	0.0	0.0	0.0	0.0	0.0	0.0
0.0	0.0	5.96538449832	0.477391799771	1.0500769836	0.420445273199	0.26080016691	0.520671054366	0.0	0.0	0.255629289946	3.69563703066	9.7182742954	1.42339916447	4.09639759542	3.60586828335	0.0	0.224938427961	0.327415247807	0.325898128698	0.0	4.29673827781	0.0	2.14282514216	4.21293592701	1.83979732004	2.4666121521	0.0	0.652843456781	1.96121084877	0.188561009314	0.626562272208	1.18289530564	3.5223123324	0.362917946967	0.36231778732	0.79580905286	2.23195148985	2.54594410553	0.174177417758	0.0	0.347940355759	0.0	0.520876974245	0.0	0.0	0.0	0.896631473681	0.170652139827	0.0	0.0	0.0	0.13194184255	2.82225514334	2.7102136091	2.21121870202	3.8884097175	0.287289911361	6.02540926309	1.76534056375	0.0	0.0	0.0	0.0	0.0	0.0	0.131062723066	0.0	0.162900224377	0.0	1.41271597073	0.0	0.285551912381	0.0	0.631889789081	0.504203624032	0.377393058471	0.502182265219	0.0289077190311	0.125223046494	0.125150886537	0.0	0.0	0.0	0.0	0.0	0.0	0.0
1.03931523244	0.0	3.57187236783	0.950261838234	1.5646821983	0.221183675623	0.0	0.309637209874	1.19716562219	1.35237271209	0.384938324979	2.30488625019	10.5510383142	0.684278235522	2.71167852374	4.46197910998	0.129517241581	0.211025216283	0.129138101606	0.0	1.66747719162	5.56663813817	0.0	1.60285429582	1.59508459632	1.16266032443	1.32893011362	0.320907279141	0.964332737317	2.42431534242	0.104988843175	0.416199572947	1.75564948588	3.15091129519	0.398729764082	0.0	1.88658627738	0.643549168169	2.06482656579	0.0	0.0	0.0	0.0	0.191359777561	0.0	0.0	0.0	0.316902279401	0.0	0.0	0.475915009065	0.0	0.0	2.98172230618	3.28260458663	2.43812814152	9.01071541429	0.175947648563	5.69413062988	2.8584395142	0.0735202252211	0.146948780449	0.0	0.0853267864538	0.0	0.0	0.0	0.0	0.0722846383015	0.0	0.116193942447	0.143190310692	0.45354753052	0.592974031457	0.42508266237	0.0	0.353313067034	0.141127290827	0.0705211924161	0.0	0.0704930684179	0.0	0.0	0.0	0.0	0.0	0.0	0.0	0.0
0.0	0.0	9.97775478162	2.23802882951	0.163862914299	0.484349146685	0.0	0.241695773593	0.0	1.82354304629	0.707392430033	3.72740205057	9.27575514882	1.08556143225	1.09927742508	4.56005461509	0.0	0.0	0.0	0.0	0.0	2.214151842	0.674662147151	4.40579469577	2.69206959205	0.800371381406	0.0	0.0	0.790141086756	1.13738340515	0.176253207819	0.0	1.47286722969	2.95018045706	0.676126446386	1.17726238429	1.73697209157	1.86182902626	3.92282794836	0.0	0.0	0.0	0.0	0.524463025706	0.0	0.0	0.0	0.0	0.314329335606	0.0	0.0	0.0	0.0	1.19424537541	2.55272266492	3.91078595466	9.18953519391	0.132015530956	3.73903904448	2.46241671215	0.0	0.378360702117	0.0	0.0	0.0	0.0	0.0	0.0	0.123906535197	0.155312018771	0.0313247536171	0.0	0.154486719203	0.505159835801	1.33947829945	0.121287536566	0.484349146685	0.0	0.240902874008	0.0	0.0	0.0	0.120254337107	0.0	0.252053868176	0.0	0.0	0.0	0.0	0.0
0.0	0.0	4.94077983259	3.95193772627	1.12798106499	0.0	0.0	0.15861841289	0.0	1.57281623287	0.46983195046	1.69410099685	11.9921584384	0.274671588422	2.22645083875	2.90541983709	0.0	0.0	0.192279302893	0.10387100915	1.07963277935	2.18239775183	0.0	2.38196069256	2.02586869832	1.68381799991	1.35677319704	0.0	1.46218756573	2.29882311725	0.0679787998103	0.296945651807	2.40316368626	3.83225456182	0.300933270623	0.735290701619	1.2905707167	1.30463021252	2.86660834861	0.104618118928	0.491769313944	0.0	0.0	0.0	0.104001139112	0.311671267434	0.0	0.0	0.321824134418	0.129045241674	0.0	0.0	0.0	1.87399884343	3.97783631858	4.92176083824	9.28154224334	0.0	5.33338101599	2.88741094244	0.0	0.0	0.234963750216	0.0	0.0	0.0	0.0772612520534	0.0	0.0	0.355396754447	0.0	0.0	0.158999702777	0.312617667153	0.34155019856	0.0	0.0	0.0	0.150130845411	0.150014365445	0.0	0.224631613284	0.0	0.0	0.0748194497786	0.0	0.0	0.0	0.0	0.0	0.0
2.88969300771	0.0	4.57628336239	0.0	1.14966904178	0.150984911752	0.102861541632	0.0	1.1726138466	0.633026373126	0.559602077685	2.36673729773	11.0329183202	0.578897241742	2.78217258509	5.5392291649	0.230697408515	0.0	0.138283389081	0.0	0.138816989193	4.0475684512	0.0	1.42735270017	3.51748273973	0.91616655267	0.5187825891	0.189360879822	1.02643501586	1.87189679366	0.112612623683	0.209297284016	1.72837676347	3.60076115724	0.362538956242	0.643310135288	0.769842361898	1.04005101872	1.81766278225	0.0	0.173282036441	0.230772848532	0.0	0.176141397043	0.265303215793	0.0	0.0	0.317807626835	0.0135773628553	0.363828796514	0.0	0.359764235658	0.0	2.98853782849	3.4859819331	5.41020833776	5.38358353217	0.0459717656678	7.39599195538	2.73674297553	0.00838430216322	0.0	0.0	0.0	0.0	0.0	0.0	0.0	0.224581247229	0.0139300909295	0.904976590317	0.164021314494	0.0	0.937112197073	1.04971102075	0.268180976399	0.0	0.303334183791	0.180453437949	0.216294805487	0.46771061836	0.0	0.0	0.0	0.0	0.0359177275535	0.0359102755519	0.0	0.0	0.0	0.0	0.0
1.63312692298	0.0	5.772213895	0.652283568941	1.98251871347	0.0	0.129970323662	0.0	0.0	0.875197186676	0.954766147287	2.75618591385	10.162298632	0.86123881306	3.08346229862	4.43314374819	0.308510839905	0.0	0.181519307013	0.0	0.355491662073	4.05100664921	0.0	2.00333211887	2.69491749798	0.923862239281	1.46157907855	0.0866945294539	1.22938591841	2.39979122155	0.0557934114505	0.447041815784	2.10580884541	2.14929565667	0.22347533788	0.206673953529	1.26414002742	1.22257831665	2.60746957534	0.0766045848406	0.0765710118319	0.0	0.0765041448146	0.0	0.0579474780084	0.0	0.0	0.614229819086	0.0	0.0599131265175	0.0	0.0	0.338963697792	5.58227064581	3.91876061496	4.64957340424	5.8617543182	0.0918679347938	3.83125689229	3.2409392394	0.0532561847934	0.0290102415137	0.0	0.0	0.0	0.0	0.0	0.0	0.289109174879	0.0	0.25143207512	0.181523957014	0.427465310714	0.914386466826	1.12442609123	0.691245929032	0.0943606144395	0.148732148522	0.0	0.219811136931	0.47328084258	0.262619978018	0.0	0.0	0.0	0.0437098253209	0.043698944318	0.0	0.0	0.0	0.0	0.0	0.0
4.58627636927	0.0	5.24198242175	2.1817106437	0.125313213584	0.228499778895	0.0	0.0	0.553312846744	0.0	0.143226784089	3.75063561216	11.7535657706	0.52011300434	2.67704338116	5.50872608038	0.244492930419	0.0829156640547	0.0435630549116	0.0	0.0	2.52701946068	0.0	1.87832580448	0.0962512489871	0.545045551126	0.959391691526	0.0	1.41070425232	1.15117038988	0.0	0.433346350326	1.29551671338	2.85025708936	0.496939196622	0.693361492518	1.14287019428	1.75964146739	2.08255009625	0.0	0.189808459401	0.0513370387913	0.0	0.0	0.0945216499036	0.09447088993	0.0	0.0	0.0	0.0	0.307714476911	0.48832128119	0.0	2.33720536128	2.94862803723	3.18744431065	9.92771073835	0.0284159969395	5.3407669694	2.97456262348	0.021181196774	0.0	0.131391250363	0.0	0.0	0.0	0.0	0.0	0.906174559728	1.22237535214	1.9230227808	0.0	0.302437319708	1.23638134472	0.973078084269	0.0	0.452723500057	0.573834915868	0.0613687134746	0.142680644379	0.672706883466	0.141463345025	0.0	0.0	0.0	0.0609428937003	0.0	0.0	0.0	0.0609217437115	0.182639083202	0.0	0.0	0.0
0.0	0.413912191557	2.5607347571	2.67108676818	1.055782606	0.2061661707	0.174676517538	0.0303740680496	1.85005868574	2.72519877361	0.334139733547	2.65436676649	6.73478817617	0.0	2.62485026354	3.58949936038	0.0	0.0	0.284185878532	0.0	1.32107013264	2.81109778224	0.756715925974	2.07954070878	2.4990702509	0.212938721379	1.1593801164	0.0	0.608909211134	2.17356221822	0.244492974547	0.453722895553	1.05466160589	2.04614820544	0.23277187337	0.676562517927	1.12409711286	0.743464374643	1.50618715122	0.222759822365	0.0	0.333542183488	0.111021761146	0.330793833212	0.0	0.0	0.175161967586	0.0	0.067977636825	0.0	0.190759069152	0.686474818922	0.617869612034	6.36338563888	2.77021927813	5.89053259141	7.71111277419	0.132198213272	7.26701622961	3.13074431433	0.0	0.00269359227044	0.0388605139016	0.0	0.0	0.0	0.14582406464	0.0	0.579125758144	0.433075593481	1.33294513383	0.0	1.18475461895	1.16914611738	1.1205061125	0.43585339376	0.633884713642	1.16025411649	0.198816969961	0.132403413293	0.558610506084	0.0959006096283	0.0657951066058	0.0	0.0	0.0657672716031	0.0	0.0	0.0	0.0	0.0299981530118	0.0	0.0	0.0	0.0
2.47485074216	1.77470367168	5.59330456524	2.6237563146	0.362547772929	0.342386816658	0.0	0.268222990379	0.0	0.784666414836	0.528068062308	2.27065877993	8.59606880973	0.142621413615	2.33396116822	3.73969850816	0.0	0.0504688226632	0.242894355064	0.163315169787	0.33124217872	3.52987134697	0.0	1.1043069957	2.15153240196	0.918697750041	0.779165615854	0.0668846276264	0.350396095177	1.69502368642	0.0	0.0	1.58144610743	3.88024248215	0.309045062826	0.497457507971	0.268441870338	0.957963662776	2.13119960573	0.394251767063	0.118170218139	0.0574176853777	0.058946101095	0.0	0.0	0.234553876608	0.0	1.12934379108	0.304461063675	0.0	0.0	0.887166555875	0.741745782777	2.9437626554	3.44242496316	5.60768536258	7.28250105274	0.0	6.73352515429	4.5799863527	0.0921091989598	0.0	0.0	0.0	0.0	0.0	0.0	0.274263309261	1.36660774717	0.762908978862	1.42296933675	0.0	0.0	0.450244716705	1.3059453584	0.174174687778	0.521201183578	0.244764434719	0.398688886242	0.257510352361	1.18759658029	0.114369578842	0.0	0.0	0.0655918918655	0.0	0.0	0.0	0.0	0.0	0.0	0.0	0.0	0.0	0.0	0.0
0.579234422262	0.0	5.41729379238	1.70409568304	0.175787247303	0.221435438813	0.0153219231501	0.0	0.0	1.0123403117	0.0147224632616	3.40130436736	8.6279543952	1.56311590926	3.63638382363	5.11016274951	0.0	0.0	1.0510821045	0.0	0.933365836394	2.45303254373	0.0	3.4742095538	1.81424886255	1.37377194448	0.109932989552	0.451792935967	1.76879467101	1.33041295254	0.424914240966	0.0	1.55943960994	1.97489053267	0.295822784977	0.414606052883	0.504218516216	1.09174449694	1.76979377082	0.0	0.301418713936	0.0	0.0	0.651580888806	0.0	0.161628159937	0.112205699129	1.49054052276	0.0	0.0	0.0	0.353298184286	0.0	4.53544755641	1.8489263561	4.8258170024	7.25194175114	0.0	6.78539123791	4.78097391074	0.0639789570999	0.0	0.0	0.0	0.0	0.0	0.0	0.0	1.35896004724	1.01966381035	0.858324710352	0.0961030231248	0.255149722542	0.869652368245	1.37536274418	0.300197484163	0.54075452942	0.655127208147	0.230771687077	0.111549979252	0.973055319008	0.671032295188	0.0	0.0	0.147611662544	0.0	0.0	0.0983075417145	0.0	0.0	0.0	0.0	0.0	0.0	0.0	0.0	0.0
7.38502716442	0.0	4.51592940124	1.74117626315	0.994474864531	0.322373045751	0.0	0.0	0.60511292096	0.701474386592	0.419728231647	1.51443360284	7.50265659571	0.976474219742	2.9165395758	3.90694743925	0.229915901158	0.22958662107	0.0	0.0	0.0	1.99533933076	0.165671984069	1.89111630303	2.62959549947	0.78518502886	1.87664169918	0.197158412444	0.540643603811	1.14344470415	0.0705142527568	0.332537608455	3.02515300469	3.60892935998	0.460370802459	0.780341867571	1.20436152036	0.985223662072	1.18770151593	0.0	0.115442070707	0.218604738149	0.0	0.0	0.330807907995	0.0	0.0	0.737347296134	0.177346727174	0.0912450802712	0.625272506323	0.0	0.24917584628	3.17241764386	2.72350892446	4.76860286845	4.09936069043	0.149600959794	6.60497635692	3.64252376892	0.132154995154	0.0	0.0	0.0	0.0	0.0	0.0	0.0	2.02086833755	1.64930123872	1.02358087227	0.0667835877645	0.702826786952	1.10536189403	1.35963276166	0.598926179315	0.986027262287	0.665589717047	0.183017008682	0.16507418391	1.99655453108	0.592152417512	0.0241217264164	0.0241181004154	0.0743409577747	0.0	0.0	0.0	0.0	0.0	0.0	0.0815536616933	0.0	0.0	0.0	0.0	0.0	0.0
0.0	0.0	3.0592567786	0.0	0.810711560323	0.0891108427713	0.0	0.230602557781	0.0	0.0	0.394936530683	0.842582613431	8.12922229151	0.20267863258	3.677372851	6.71972043854	0.172086658794	0.0	0.183544912722	0.3533971427	0.263251750476	2.87881947422	0.0201402523256	0.190779828886	0.649308975866	2.10221438582	0.435593829135	0.147402011877	0.580714882221	2.45528779869	0.143597443894	0.57311366625	2.25221910633	3.03571459107	0.542291022586	0.260638151861	0.397106609534	0.700684008637	1.91048118745	0.258544302971	0.0	0.245707969774	0.0	0.0	0.116220988403	0.0	0.0	1.37878216924	0.361496328407	0.431118041507	0.0	0.166995091493	0.648550636268	1.36552607627	3.46585946309	7.0581220592	13.60368179	0.174130017711	6.89055474801	4.71109070312	0.1262269131	0.0	0.0	0.0	0.0	0.0	0.0	0.0	1.89378979629	1.06248723688	1.54708208004	0.0661007799666	0.0	1.48907801079	2.38147343782	0.667952645985	1.14542939292	0.579879322664	0.0	0.158822645824	2.11351027983	0.235392175242	0.0	0.0	0.0224652660934	0.0574030405764	0.0	0.0	0.057362252598	0.0	0.0	0.0	0.114581549271	0.0	0.0	0.0	0.0	0.0	0.0
1.31378914223	0.0	4.40997712073	0.899891412461	0.0461832698469	0.00453502703908	0.0	0.0	0.0	0.353030769506	0.215114859552	2.39595843568	10.0864934145	0.565677630669	3.14748794501	4.45419709185	0.00332484782921	0.00332150783139	0.0	0.439953712754	0.0	3.26611786755	1.13592925835	1.91062875255	1.07436929854	1.19480921991	0.87714842731	0.29186780944	0.422383724226	1.94390873082	0.208558863832	0.127030917062	2.52311835266	3.1116579684	0.182471880864	0.195605872289	1.46933904067	1.65546891914	1.94866872771	0.0639690582346	0.191761874799	0.0638721582979	0.0	0.0104078932047	0.0	0.0	0.0913572403529	0.222144854962	0.299619804378	0.148216903229	0.0	0.667671564077	0.295776806887	2.59167830789	3.37321779763	5.32780652148	9.43479384002	0.0	7.49424510701	4.27496720887	0.0	0.0	0.0	0.0	0.0	0.0	0.0	0.0	1.93644873569	1.04712931633	1.20273921473	0.0	0.618620596103	0.780439490451	1.87561877541	0.150557901701	1.09900928246	0.970686366239	0.315238794181	0.284690814125	1.87461877606	0.765214500391	0.029045781036	0.0871074431276	0.0856238440962	0.0289709810848	0.0246125839304	0.0	0.086823443313	0.0	0.0	0.213786860419	0.0201094868705	0.0533203651871	0.0200598869029	0.0	0.0	0.0	0.0	0.0
0.0	0.0	0.00119134490969	0.948218840157	0.9608468639	0.0	0.0	0.513482735569	0.0	0.0125030868048	0.0351074816043	1.88968886366	6.73559576252	1.09882895553	2.90203156204	3.99338652128	0.0	0.0	0.0144502648399	0.852858727409	2.15348053296	2.23275539367	0.0	0.0	4.49964877042	1.07987126492	1.43918868688	0.176351972618	0.879167194373	1.38295191475	0.0	0.341106120982	2.37988202076	3.6835489748	0.4778994432	0.483442320454	0.903351632389	1.72139264704	1.842592587	0.15515612312	0.0	0.464664409758	0.0	0.529982087394	0.153169454105	0.0	0.356676273267	0.0	0.884120231919	0.80962569883	0.0	0.256591382859	1.07351836807	0.41178588596	1.47416496955	5.70702237217	10.9560705712	0.0	7.78047054478	6.26827909407	0.0	0.64891861846	0.0	0.0	0.0	0.0	0.0	0.0	1.85231888217	2.56224753041	2.0399464892	0.0	0.360994021127	2.16903452524	1.86395407642	0.456054164026	0.93634730604	0.843030422278	0.0	0.179618310999	2.26606517716	0.584894750185	0.0669169108427	0.0573862525651	0.399830521884	0.199412281192	0.132817964188	0.0	0.132719994237	0.0	0.0	0.0663233341368	0.0662987911489	0.0	0.0	0.0	0.19874972152	0.0	0.0	0.0	0.0
5.89974113511	0.0	3.42365036234	1.12657978761	0.578399153637	0.384386995772	0.0	0.383422075782	0.0	0.547512533977	0.368506615947	1.26294358611	9.21058969868	0.860811650531	2.69941977031	2.93195936775	0.13726445849	0.162979678207	0.0	1.13241418755	0.658038712762	1.80640978013	0.0	2.09478417696	1.56064078283	0.683847772478	0.868595270446	0.281647496902	0.713787832148	1.59717718244	0.652873432818	0.205610577739	0.948527569566	2.30609757463	0.503442414462	0.349976276151	0.0	1.50285778347	1.80072838019	0.0	0.124171738634	0.456890634974	0.0	0.950542069544	0.488549394626	0.0	0.0	0.822626930952	0.0430218655267	0.0	0.0	1.4821007837	0.0	1.68313258149	3.13795856548	6.95952112345	9.80646349212	0.159761578243	7.7094251152	4.39133455169	0.0	0.0	0.0	0.0	0.0	0.0	0.0	0.0	1.75886758065	1.22950798647	1.98545037816	0.348662516165	0.172609498102	1.58676298255	2.10448437685	0.169317958137	0.758849391652	0.827919710892	0.0354426536102	0.0	1.49503438356	0.855531110589	0.0515585514329	0.103064878867	0.0824730170928	0.0	0.0274641116979	0.0787654191336	0.0	0.0	0.0	0.0	0.0512988594357	0.0	0.102512038872	0.313298096553	0.0	0.0	0.0	0.0	0.0	0.0
1.02534293618	1.61812931537	5.78811345105	1.22298028256	0.884933395585	0.0	0.0	0.0	0.0776205611588	0.911721624251	0.0	1.37618241774	8.02504590461	0.0368747053983	3.9333417358	1.55930604025	0.233626561153	0.233249581313	0.285234689317	0.513699922654	1.64755640292	2.81962380701	0.0	3.27283391527	3.30672090093	0.598199026902	1.57229433476	0.0	1.54481394639	0.958224044576	0.00221069836466	0.571410798236	1.30889254621	3.80305709092	0.713571338088	0.355468299601	1.56417793819	0.49744858953	0.836459556094	0.171919287261	0.0	0.0	0.0	0.0	0.0	0.0	0.0	1.98906305843	0.0	0.282465020489	0.0721948324543	0.0	0.122605998125	2.30271852572	2.95963164778	5.48674587856	11.0287203338	0.17329227668	6.08759612434	2.52085183342	0.173946326403	0.0	0.0	0.0	0.0	0.0	0.0	0.0	2.20424026739	1.5577919409	0.727852282045	0.369932583481	1.40994580345	0.968547730207	2.4738735533	0.624754475666	0.429811608146	1.14057001742	0.201804724616	0.199802405464	1.96959606667	0.391054784545	0.129652225144	0.194406237746	0.451946298782	0.0644074177492	0.0	0.064235304822	0.0	0.0	0.0642927787977	0.0	0.0	0.0641215928701	0.191938358791	0.444547811912	0.0	0.127198766183	0.0635574621089	0.0	0.0	0.0	0.0
0.794901125564	0.0	5.65632083959	1.06828800748	0.693152724852	0.0	0.524117363669	0.164948161154	0.135272800946	0.617435524322	0.321467122251	1.74155281219	8.40948165886	0.756123685293	4.15873122911	4.28517442999	0.138060000966	0.0	0.0	0.29432624206	1.21708080852	2.3148632162	1.04096720729	2.04511841432	1.83392561283	0.599624484197	1.30533520914	0.0	0.10572016074	1.39503520977	0.232669841629	0.0	2.73661441916	3.26106562283	0.0934513846542	0.433292083033	0.457712323204	1.53283521073	1.43859041007	0.104186160729	0.312137282185	0.103905360727	0.0	0.0	0.0	0.0	0.0	0.574679044023	0.172002481204	0.0	0.0	0.514046003598	0.0	1.23702800866	2.76221921933	5.54456243881	12.2083520855	0.0319269602235	5.51989363864	5.18816483632	0.0618182244327	0.0	0.0	0.0	0.0	0.0	0.0	0.0	1.70402961193	1.1860368083	2.03905521427	0.0	0.82001192574	0.437926323066	1.57869921106	0.57416944402	1.25882640881	1.00338680702	0.198114801386	0.599419604196	2.21099841548	0.18136144127	0.0	0.0783250005483	0.188683041321	0.0390583442734	0.037292008261	0.193239281353	0.0761054325327	0.0389398882726	0.0	0.109318560765	0.388173762718	0.0	0.0	0.1856608013	0.077284376541	0.0386276802704	0.0772262405406	0.0771876565403	2.46466481725	0.0	0.0	0.0
1.84516579711	0.938569155462	4.40733490396	0.0	0.0304498031543	0.060571901167	0.0	0.0301232530133	0.0	0.707974355845	0.579338800275	2.58084861492	6.74415291348	0.55094888801	3.47278200024	4.12851778352	0.0	0.507155469091	0.502647817144	0.0	0.0	2.36449602146	0.0	2.95111027488	2.14425842632	0.876707328737	1.88903481606	0.0	0.784501538904	1.66879722092	0.401106473278	0.39893507234	0.941847256878	1.23106253181	0.0	1.17975950966	1.03985114922	1.1537089984	0.716516109535	0.190067932109	0.0	0.0	0.0	0.495019563848	0.0	0.163440970606	0.0896698287373	2.18898844564	0.336197545237	0.0193330283519	0.241145204175	0.0433568287301	0.995320629978	0.548395286906	4.32041586642	6.91790698853	12.171290258	0.517703773648	7.81186687473	5.71130946729	0.107742646544	0.0	0.0	0.0	0.0	0.0	0.0	0.0	1.06802896139	2.09346990438	0.784921539086	0.0472292304031	0.826607607095	1.38317609753	1.7277862464	0.208215089949	0.668917488973	0.885686932617	0.162489670196	0.344646898888	2.84025122699	0.500977266422	0.0672147290368	0.0	0.430640886037	0.133770057789	0.0668419788757	0.10733734637	0.133371057617	0.0	0.0	0.0936176204429	0.132975207446	0.0	0.238908703209	0.0790447691474	0.0	0.0	0.0	0.0661088685591	0.210319290858	0.0	0.0	0.0	0.0
6.78281191824	0.0	2.58697206369	2.50380447451	1.38205962033	0.0	0.0	0.0	0.0	0.0	0.904557242408	1.66227058391	7.5099824237	0.0	1.06533166151	3.0746886003	0.0	0.0	0.0	0.334700256489	1.54048719973	1.06797106116	0.0	2.52735767144	4.25420344696	0.349082334619	0.460991820071	0.689745090334	0.288962322435	1.69142058011	0.672283712603	0.585696563859	0.581242444439	3.07497480025	0.321880618155	0.0	0.0	0.871264766736	2.75061484242	0.0	0.312676639352	0.0	0.0	0.0	0.0	0.0	0.0	0.0	0.303983580482	0.0	0.0	0.369886951915	1.03096010597	4.29603104152	2.607716261	8.55365828803	0.0	0.0	8.43046510404	6.05358501303	0.190946255177	0.0	0.0	0.0	0.0	0.0	0.0	0.0	2.27013810489	2.02119713725	2.42544928469	0.234325689538	1.70527477831	1.43827141303	2.53013487108	0.0	1.76062797111	0.907534782021	0.0	0.41084640659	2.92372341992	1.13862005198	0.230342210055	0.115064045041	0.670161592879	0.228923930239	0.114355965134	0.665326933507	0.341180035646	0.113587465233	0.0	0.660067214191	0.338898915943	0.0	0.675950252126	0.274746664283	0.0	0.0	0.0	0.0	0.0	0.119983504402	0.0	0.0	0.0	0.0
5.99041762804	0.0	4.29682128085	1.51546271067	0.900118424525	0.606569214347	0.0	0.0271767215713	0.241428429493	0.621326657372	0.197736040536	3.93864940742	5.02248472961	0.92531371969	3.62161904243	4.02357532483	0.0	0.0	0.177589006406	0.508675964279	0.0	2.3097559735	0.159624772723	1.98724720738	1.44482129619	1.02559200025	0.544164661554	0.0	1.42922069299	0.550159872782	0.0	0.705925154714	2.63229683962	2.91873589834	0.385354158998	0.0	0.321080315821	0.186365148204	1.64112353643	0.256528272588	0.128091866259	0.113538793276	0.0	0.0	0.239439299085	0.0	0.292198869901	0.0	0.71180373592	0.0	0.236911958567	0.0	2.14950204065	3.11809833921	4.07860543612	7.16135096807	6.08399984722	0.0	6.60697315443	4.89729470395	0.0	0.0	0.0	0.0	0.0	0.0	0.0	0.0	1.7307360548	1.29336276514	2.27995646739	0.253388891944	0.541178290942	0.907560276049	2.20328025167	0.5624370553	0.652312793724	1.492682406	0.31292691415	0.266851634705	2.85133658452	1.33238567314	0.300490301601	0.0857389035765	0.549369142621	0.127863956212	0.170308724913	0.463519815021	0.252139131688	0.169106044667	0.0	0.373378716542	0.502077272925	0.0	0.0373617326592	0.274081626187	0.0	0.0	0.0417058265497	0.0416936285472	0.0	0.0	0.0	0.0	0.0	0.0	0.0
0.949621662144	0.0	1.90382252073	0.789734266376	0.611109965167	0.0708984889119	0.225741424599	0.0	0.0	0.516546318644	0.396480651934	1.24760423061	8.33379192464	0.919424885607	2.80239262254	3.03528364158	0.17388742489	0.0	0.0	0.0235279977187	0.604997169917	3.01301405888	0.486989981609	2.52661483682	1.19207067376	0.913868289925	0.708406009568	0.0	0.884566832691	1.1588174996	0.0	0.414071678266	2.30130541189	0.0	0.0	0.272408188338	1.23650183924	1.47740645206	1.8823737374	0.270006270205	0.269567790546	0.0	0.0	0.0513537440981	0.121647865479	0.0	0.315622194761	1.03363155687	0.49374537636	0.0	0.0	0.0	0.0	2.96024529989	3.09857159241	8.65233767713	13.9826411355	0.432570983892	7.76524796641	6.13717083142	0.0	0.0	0.0	0.0	0.0	0.0	0.0	0.0	1.06080973575	1.09654474799	1.85990975485	0.0	1.25895502179	0.963594691287	1.38930012052	0.67994803168	1.44598927647	0.778745274915	0.114948630685	0.209019797592	3.11161798227	1.05640549917	0.259543238335	0.0864243408483	0.729571833123	0.128949739806	0.0364221077	0.642756100579	0.327720345361	0.163346633079	0.0425652509268	1.37508733156	1.33453336307	0.0835377190912	0.0749310977785	0.796412981187	0.165620031314	0.0	0.0413689358563	0.0	0.0	0.0277794144154	0.0	0.0	0.0	0.0	0.0	0.0
0.0517997483872	4.29167924633	0.86365831982	0.0660484478691	1.1759793223	0.0	0.291549960322	0.0236556184601	0.0	0.973543411249	0.587952601147	3.3682965503	9.37102527459	1.27957293308	3.00041061205	3.86028990147	0.24047909501	0.0	0.0	0.453384457152	0.0	2.68352577908	0.128546983369	2.31662084093	1.92128869982	0.625245865025	1.01381019544	0.0	0.547485256938	1.9826339062	0.0	0.0	1.15044061965	0.0	0.169472127625	0.582921160624	0.307593671989	1.47804015371	2.20717392954	0.187166099465	0.373667298862	0.154877026107	0.0	0.830474356369	0.0	0.0	0.39096451066	1.75880238291	0.0	0.126667823174	0.0	0.0	2.52640226274	4.66736958541	2.41641035131	4.07014762329	6.78609000575	0.197493850539	7.3662534661	5.09716753011	0.0	0.0	0.0	0.0	0.0	0.0	0.0	0.0	1.63897867045	1.48228025416	2.69625698041	0.206499431476	0.486960820644	2.16378102503	1.21634202649	0.75461688848	1.05679870991	1.84061779143	0.235169704457	0.24057719502	3.4941697634	0.870082780489	0.118479742321	0.177553388466	0.577762190087	0.0546235026809	0.176363108341	0.347713306162	0.463530178207	0.0583963200733	0.058374738071	1.36886574236	2.00823800885	0.0570047169285	0.670215999702	0.515668153629	0.0	0.0	0.0	0.0	0.0	0.0	0.0	0.0	0.0	0.0	0.0	0.0	0.0
0.0	0.0	3.13096327246	0.0	1.37295411947	0.241732721035	0.000113297809859	0.239455720837	0.0	2.03474717707	0.308871226878	2.06595417978	8.96538578016	0.620831254024	3.59054331244	3.77452932846	0.0	0.0494637043043	0.224017219494	0.374968032629	0.398934834715	2.13947818618	0.0	4.0737183545	1.89695016508	1.28436011176	1.48448312918	0.0	0.637940655514	1.97971417227	0.0	0.574322149977	1.64810814342	1.04085089058	0.556009348384	0.194966216966	0.432577237643	0.820228271377	1.06489469267	0.102381628909	0.087899247649	0.175456615268	0.0	0.841206373202	0.0	0.0	0.0	0.612711053318	0.483512742075	0.248393221615	0.0	0.0	0.564405649115	2.71002623583	2.4121132099	6.45442656166	9.66625084116	0.239805520868	7.86656268455	5.87830151153	0.0	0.0	0.0	0.0	0.0	0.0	0.0	0.0	1.14873009996	0.857682174635	2.02528717624	0.0529613746087	0.378810332964	1.76894315393	1.56426613613	0.75178956542	1.10012109573	0.939174581727	0.210098918283	0.311715827126	2.46555121456	0.737231064154	0.123846810777	0.16939231474	0.478766241663	0.120631510497	0.138085212016	0.333032728981	0.471524941032	0.0698071060746	0.0645290856153	1.25046910881	2.49071921674	0.367704731998	2.02774017645	1.71205114898	0.0296910925837	0.0165410314393	0.0296739325823	0.0	0.0165345414388	0.132217811506	0.0296180525774	0.0330286028742	0.0	0.0165118814368	0.0	0.0	0.0	0.0
7.11011525389	0.0	1.58091731187	0.0	0.685184048463	1.05037622501	0.0	0.0	0.420160480001	1.65908350256	0.0	2.28257042837	8.96055163369	0.596909088968	2.26393353059	4.20473499963	0.0	0.559172423459	0.0	0.250974300134	0.0	1.25482155067	1.25451075072	2.66908348238	1.65481000307	0.209890985023	0.551432394379	0.0	1.6378936051	0.632923034682	0.0	0.665471560809	0.345943668832	2.41663621242	0.0	0.0	0.357843977417	0.749606220797	1.000015531	0.433068668465	0.647202072983	0.0	0.0	0.97597293386	0.425492919366	0.586435130214	0.591301369635	0.787884566242	0.203974685727	0.710266715478	0.0	0.0	0.0	3.75922545265	2.34840452054	7.88209796203	13.2224294266	0.0697293037022	5.9462248924	5.80605410908	0.0	0.0	0.0	0.0	0.0	0.0	0.0	0.0	0.0	0.355366457711	2.07022745365	0.0	0.732324632854	2.56166879516	1.68678909927	0.150005382149	0.21470283445	0.775505847715	0.0	0.20361393577	1.41828013122	0.619058026333	0.0631481144854	0.0	0.488751811838	0.141624883147	0.0707607155794	0.282700316358	0.343945669071	0.0	0.0616985656579	0.884175944783	1.73455239358	0.0	1.98660006359	2.1571293433	0.0668088940497	0.0	0.13352632411	0.0547915914797	0.199877676215	0.0545297425109	0.0	0.0	0.0	0.0665044210859	0.0	0.0	0.0	0.0	0.0
0.0	0.0	6.4395518441	0.0	0.94301533717	0.0943894537149	0.0	0.0	0.0	0.412321270017	0.821387820114	2.12101114865	8.56967979253	0.753930221747	2.83172953144	3.09430232508	1.06528237421	0.0	0.0	0.0	0.0	3.99971030316	0.0	1.59563036137	0.0	0.939200617262	0.448004469154	0.0337291351834	0.68029806353	0.672618223716	0.0	1.51079036342	1.84252315539	1.64296156023	0.0	0.0	0.103358077498	0.0	1.43823676518	0.281957753174	0.0	0.0	0.0	0.0	0.280436793211	0.0	0.0	0.0	0.275973593319	0.0	1.70881755863	0.0	0.106869725413	3.66013751139	3.00442232727	7.12001902762	14.3442876527	0.357124311354	7.72559181296	5.8199678591	0.63569630461	0.0	0.0	0.0	0.0	0.0	0.0	0.0	0.798365100671	1.33900476759	2.31669754391	0.174414235778	0.803660460543	1.79129435663	1.46812956445	0.337731511824	1.362793567	0.96160173672	0.0	0.213255834837	2.26831354509	0.481190068351	0.087898269872	0.094301533717	0.356952951358	0.262364473648	0.0873569738851	0.198323995199	0.266680953543	0.086822397898	0.0	1.05354701449	2.47656634005	0.253967833851	1.60726716109	3.47560631585	0.0	0.0	0.0	0.000927047497556	0.0	0.0	0.0	0.0	0.0	0.0	0.0	0.0	0.0	0.0	0.0	0.0
6.09239287985	0.0	4.17216194809	0.711894102261	0.869934717263	0.203101609321	0.0	0.101010551848	0.0	0.817892585373	0.312116061383	2.69330886273	8.67978687943	0.866461098472	4.77951413673	4.14958455594	0.0761263785081	0.0	0.136563842476	0.135953642688	0.202014549699	2.53656661728	0.0	2.84990420823	3.25657976671	0.857521671583	1.87852264627	0.134390853232	0.0	1.23295387093	0.15077697753	0.393532533051	0.89428168879	2.17455994325	0.431976249673	0.38988489432	0.27339210486	1.19518928407	1.52491186933	0.276796793674	0.0691299859428	0.254651061381	0.0	0.106831066823	0.798717622046	0.0952608878492	0.0	0.162358343499	0.0	0.121677227657	0.0231640879389	0.0	0.0	3.2258663774	2.65813197497	6.10509407543	9.82342558144	0.0	8.7712829476	4.98651876469	0.0	0.0	0.0	0.0	0.0	0.0	0.0	0.0	1.69944030859	0.764555473935	1.46973398853	0.21755769429	0.636594318465	1.53183876692	1.40860100981	0.465671707947	0.419873953884	0.918178920473	0.0934681434731	0.230565119763	2.30571899761	0.634527549184	0.160959403986	0.0853424293009	0.422434532993	0.0619821734302	0.114362740201	0.15241208696	0.0970938602113	0.0683370652187	0.0	0.890597890072	1.63403593135	0.1304595846	1.04549823617	1.68946241207	0.498463166535	0.0872458006385	0.0830606210949	0.0435788868345	0.0176370338623	0.0829447961352	0.0393670393002	0.0	0.0	0.0	0.0	0.0217523794301	0.122975597205	0.0	0.0	0.0	0.0
4.14894856988	5.36978549021	4.43769905643	0.0	0.730702092907	0.0	0.0	0.34403248483	0.0	1.72049872401	0.666282998217	2.01393460873	10.8142295511	0.609268200618	4.13197397655	5.70508215848	0.0	0.279703450104	0.0	0.0	0.161217596657	0.369807874702	0.0	1.99383641663	3.37686107323	0.735319091093	0.649819124686	0.0	0.702675203919	2.14734875631	0.0	0.424901773056	1.27637769851	1.47751921948	1.11779578082	0.0	0.193262984067	0.0460059359243	1.90243125254	0.647892525443	0.430404550894	0.181300968767	0.0	0.0	0.0	0.0	0.99590360871	0.043067017079	0.20944185771	0.523507174314	0.0	0.514749697755	0.474582953536	0.0	2.17720534458	3.85613968492	14.6634722387	0.2766607913	7.21728016433	4.28037911824	0.0	0.0	0.0	0.0	0.0	0.0	0.0	0.0	1.71860632476	1.361672465	0.376719691987	0.058824204888	0.0	1.64947675192	1.7085743287	0.0113199561524	0.622999495224	0.458198879973	0.241812144992	0.0964179701173	2.70641593665	1.01564156095	0.0	0.0	0.482593730388	0.0	0.0645015166573	0.250517181571	0.121384872308	0.128487069517	0.0	0.692611287873	1.82580048264	0.0	1.29628209069	1.99582001584	0.0418701315492	0.183057708076	0.121916112099	0.0	0.304244220462	0.0607761121211	0.0607519441306	0.0	0.0	0.0	0.06072777614	0.0607036081496	0.181965588506	0.0	0.0	0.0	0.0	0.0
0.0	0.799314328541	0.491297206078	2.25002079885	0.948733815183	0.293396023771	0.0	0.0	0.0465724658364	0.745694433335	0.461284508761	2.44081728179	9.23874267406	0.0	3.07642222497	4.02867963983	0.0	0.200520882074	0.0	0.627590593894	0.0	4.57409009107	0.0	2.21717680179	2.3859507867	0.715111336069	1.15844089643	0.185747983394	1.71563884662	1.70452984761	0.02102993312	0.694903537876	2.15252380756	1.75289884329	0.0	0.0114100919799	0.491687056044	0.500506405255	0.637377093019	0.0	0.153168486307	0.00401743264084	0.0	0.0120066889266	0.456863909157	0.155400636107	1.06845225448	1.6510893524	0.442034660483	0.439998010664	0.28736427431	0.283749824633	1.1330569487	2.36377878868	2.23308130036	5.94911046815	8.50242073988	0.297495773404	8.23810476352	4.0626391368	0.0	0.0	0.0	0.0	0.0	0.0	0.0	0.0	2.35829328917	2.60147226742	3.32083170312	0.374935616481	1.42519487259	1.18252189428	2.06071931577	0.815520127092	1.43046187212	1.08002700345	0.116405289594	0.136278437817	3.33583920177	1.03762420724	0.0878940321423	0.182867233652	0.556595350241	0.130774538309	0.134043988017	0.534372752227	0.275560675365	0.0432003211378	0.043188591139	0.784830079836	2.21353130211	0.210675381165	1.50867336513	1.60433035657	0.24909917773	0.122980989006	0.204757481694	0.164850185263	0.0	0.122570439042	0.0	0.0420270912428	0.0	0.0	0.00119070989356	0.0	0.122381839059	0.0	0.0815353377107	0.0	0.0	0.0	0.0
6.15221103993	0.0	3.41615373323	2.45772689585	0.825800552206	0.0	0.161057886281	0.248775929702	0.0	0.640628584984	0.171112766673	2.07165568079	7.32082988551	0.589130382976	2.45554609577	3.79259694791	0.0	0.0	0.410489216009	0.201785487869	0.0	2.999794917	0.0	2.17382848478	2.57147650028	0.419769216371	0.803021631318	0.236926529241	0.273487410666	0.744128429021	0.0448742537501	0.0942785396769	1.01600575962	0.0552350261541	0.507374739787	0.267659570439	0.661232505788	0.294547211487	0.821605992043	0.110179008297	0.0	0.433424736904	0.0548422501388	0.831889392444	0.0283274331048	0.0	0.0530455260687	1.9179092748	0.101432607956	0.33538733308	0.0	0.0	0.760731509668	3.70733694458	2.59704290128	6.9665542717	12.0891724714	0.100820359932	7.69171669998	4.72668698434	0.0495974259343	0.0	0.0	0.0	0.0	0.0	0.0	0.0	1.80398567035	1.42954925575	1.97774207713	0.385629255039	1.06966852172	2.20981168619	2.04984767995	0.809663791576	1.61641366303	0.857420993439	0.286879611188	0.410971776028	3.37851173176	1.24788164866	0.121078484722	0.149068125814	0.764216149804	0.044587733739	0.0740472108878	0.272400490623	0.202284287889	0.118991644641	0.0284906451112	1.43171845584	2.05081047998	0.0703985467455	0.981846078292	1.18282884613	0.281398610975	0.0975283958036	0.335620493089	0.336081013107	0.0394507895386	0.0774823190218	0.0814084551749	0.0420276136391	0.0	0.0	0.0	0.0140028245461	0.0	0.0	0.0	0.211410008245	0.0	0.0	0.0	0.0
5.07620865787	0.0	3.01604931555	0.208522074162	1.06538676017	0.623441502544	0.150862135776	0.0177464425031	0.0	0.681252370925	0.59105590345	2.80453672147	8.37072966561	0.947061153482	2.56561102816	4.41017447652	0.0	0.0	0.251324182962	0.0	0.226668773653	3.20418531028	0.0	2.04473874275	0.225402833689	0.676077461069	0.719970009841	0.10499930706	0.0	1.52720095724	0.10929624894	0.524071065326	1.59658195529	3.12773751243	1.02796899122	0.39821884885	0.858249965969	0.298278621649	0.963106533033	0.198854364432	0.0993314762187	0.173282845148	0.0	0.0	0.0	0.0	0.0	0.379466089375	0.254535832874	0.409248438541	0.0	0.0	0.96322002303	5.20073175438	2.39936573282	7.03815820294	9.82970792477	0.513756345615	8.92259525017	4.74408076717	0.336201830586	0.0	0.0	0.0	0.0	0.0	0.0	0.0	0.938761173715	1.46529625897	3.06231111425	0.242352623214	0.820874317015	1.95879054515	1.90837524657	0.630880362335	1.34679866229	1.29359876378	0.181691634913	0.205669614241	3.33874700652	1.02293565136	0.0513879195611	0.209541144132	0.532379235093	0.0	0.312440301252	0.685429270808	0.183466524863	0.0224224643722	0.0517161045519	1.18639166678	1.75129105097	0.123466586543	0.655335701651	1.11910613867	0.335554820605	0.0219378503857	0.415325418371	0.289859301884	0.0947054133482	0.145906015914	0.118785416674	0.169889845243	0.0	0.0485056246419	0.0	0.0	0.0	0.0242433353212	0.0	0.0215061203978	0.137071346162	0.0	0.0	0.0	0.0
7.49907850732	0.0	3.9263209892	1.30524546235	1.31717526476	0.0307358201779	0.155644391284	0.0	0.0	2.64150133094	0.300536620408	2.97075679713	6.06341941875	0.714033483521	2.73048514883	4.81871976857	0.0	0.0	0.0	0.0	0.760766212914	3.07386521785	0.54995209054	1.97061219609	2.78464715971	1.12135894539	0.893834839661	0.0	0.112990686711	1.42047248551	0.108562499821	0.430418066514	1.59885312137	1.68180713805	0.503923821289	0.711844583081	0.679890176658	0.0	1.47648709677	0.0	0.0984355017855	0.278516635982	0.0979581916896	0.0	0.0	0.0	0.0	1.1169079845	0.556842111925	0.013667116747	0.0	0.704588761622	1.14687645052	3.900502584	3.31001866532	4.57897912038	10.1852428472	0.119997764119	5.6502423357	4.21832384788	0.0	0.0	0.0	0.0	0.0	0.0	0.0	0.0	1.70879374346	1.57148891587	1.50703730292	0.0	0.584354997455	2.19308944081	1.4925351	0.52467648546	1.49268850003	1.35002647135	0.619631104545	0.208342021877	3.7676817573	1.57780191714	0.0782743717332	0.260601872381	0.464193213303	0.155245551204	0.103402240784	0.408405162089	0.409396362288	0.0497817320062	0.025109107047	1.01712480444	2.44306069106	0.0472856775044	1.0442766099	1.39248287988	0.311772582666	0.120311644183	0.0705339241773	0.192155958624	0.118308003779	0.0	0.116452571407	0.0	0.0239401988119	0.0	0.0	0.0	0.0	0.0478519596183	0.0	0.0172232834619	0.0188712717931	0.134751307085	0.0	0.0	0.0	0.0
1.15199274091	0.0	1.5061593973	1.33904767542	1.64765041584	0.865314563356	0.0239713631403	0.3717560487	0.0	0.025923796396	0.0	1.3305153743	7.57695709258	0.593915987803	3.56663276723	4.33137446742	0.138732598174	0.138607648157	0.0	0.0	0.0	3.64412557738	0.0	2.82341816986	3.55432816561	0.35831975694	0.581639946195	0.0	0.339329734452	0.565329804058	0.116303832236	0.455176249629	1.93996205414	1.08408300201	0.10519101578	0.0	0.407933243439	0.403216082822	1.2717293666	0.214608198114	0.0	0.0	0.106817864993	0.0732957986018	0.0	0.305550390027	0.0	0.591330117464	0.301591259508	0.0	1.01899951349	0.4496225189	0.238114271193	1.72429832589	2.79475106612	8.31197258887	9.74642257679	0.0	6.72514308099	5.78750625816	0.279132386566	0.169052612146	0.0	0.0	0.0	0.0	0.0	0.0	2.82792827046	0.779038362054	2.31325320303	0.139101498222	0.889780966562	3.90966221216	2.36130540933	1.17441710385	1.01708361324	1.63946321477	0.100331174143	0.319325831832	4.95003174845	1.53198240069	0.24358827191	0.269932495361	0.533552039896	0.21359312798	0.105781969857	0.792610313832	0.421813405258	0.0786907833085	0.0781045892317	2.69128055256	3.42791444906	0.124253866277	1.6344295141	1.91811365127	0.36297622755	0.121504965917	0.194208025441	0.121255065884	0.0727071055246	0.0	0.0196974775804	0.0219408658742	0.0	0.0219393188741	0.0702815282069	0.0241706881664	0.0483299523313	0.0	0.0	0.0	0.217228578456	0.120549395792	0.0	0.0	0.0	0.0	0.0
0.0	0.0	6.31155555188	0.0	0.441189568675	0.893675936549	0.0	0.0152267989189	0.074801754689	2.13646784831	0.420639570134	2.49843582262	7.96286343463	0.0	2.62862381336	3.61945174302	0.365333974061	0.364412374127	0.0	0.363495574192	0.0	0.0	0.0	0.148265989474	1.43146789836	1.63267188408	2.21191184296	0.0	0.274841980487	0.455183967682	0.313087177771	0.0	1.76523587467	3.60479974406	0.881932737383	0.236390383217	0.468237566755	0.519991163081	1.08676312284	0.0	0.0	0.50801516393	0.0	0.221903984245	0.281930379983	0.0	0.0	0.395330371932	1.26495591019	1.03051192683	0.0	0.0996707929234	0.4746419663	4.05242371228	2.52093582101	6.44128754267	11.6606151721	0.17915638728	7.05945549878	4.9085156515	0.0	0.0	0.0	0.0	0.0	0.0	0.0	0.0	1.85576386824	1.38189590189	5.02180764346	1.4674918958	1.352195904	2.13643184831	2.39657982984	0.31492077764	1.29191990827	0.416433570433	0.814311542184	0.451871967917	4.39790368775	1.21047591406	0.111462472086	0.159914388646	0.228410383783	0.248263182373	0.247838382403	0.593509157861	0.980008730419	0.243967182678	0.0	1.89784786525	2.49039582318	0.0584623158492	0.516847163304	1.06816192416	0.267055181039	0.0	0.153047989134	0.265701581135	0.169289987981	0.02225351842	0.0	0.0562762760044	0.0	0.0	0.0	0.0	0.0	0.0392349572143	0.0	0.0	0.0	0.0	0.31295997778	0.608341156807	0.524440762765	0.0	0.0	0.0
4.3861053044	0.457943912664	6.12585560447	0.0	1.01769844703	0.0	0.0	0.0	0.0	0.0	0.0	0.904992984075	2.60261349931	0.0	0.0	3.74057023017	0.0	0.0	0.779490559642	0.908544334482	1.33933705402	8.12655453456	1.62718398713	2.7599740174	3.3904687899	1.50004927251	0.0	0.0	0.0	0.740380935144	0.0	0.0	2.19857025284	0.0	0.0	0.718224622596	0.0	1.68658289396	4.11467807318	0.0	0.0	2.01406943162	0.0	0.174898260114	0.0	0.0	0.0	1.46552796854	1.26876984591	1.01231273642	0.0	0.0	0.619372451228	7.75590729193	2.25892505977	4.69919284041	0.0	0.0	6.30866242549	2.53813259189	0.0	0.0	0.0	0.0	0.0	0.0	0.0	0.0	1.16525796401	1.36394845685	1.31111985078	0.210377884194	0.0	3.02706944812	4.30142949466	1.50043647255	1.03537775907	0.037504559313	0.90095642361	0.281501692372	5.89698407816	1.02286635763	0.0	0.337245188783	1.79259100615	0.0	0.0	1.07959479415	0.653821155189	0.136942975748	0.0	2.85454762827	5.08969618531	0.0	0.689059989242	0.0	0.0	0.148994577135	0.594444028361	0.444227351086	0.29539249397	0.0	0.0	0.0	0.0	0.0	0.147468766959	0.0	0.0	0.147318726941	0.0	0.0	0.147167476924	0.0	0.259352639825	1.02286151763	3.86285284423	0.0	0.0	0.0	0.0
0.301299765008	4.01053073288	4.17732914672	0.514526502706	1.15083219552	1.11577671261	0.0	0.565840926965	0.0	0.529667923963	0.0	0.461014858264	5.81548428268	0.523282443432	3.03938625227	3.87656252175	0.0	0.0	0.0	0.492947140915	0.0	4.43288256793	0.0	1.34452551159	3.27878687215	0.43421267604	0.341465828342	0.0	0.338390208087	0.335357287834	0.0	0.850335190578	3.76910491283	1.58908673189	0.795117985995	0.791009025654	0.0	0.0	0.0	0.0	0.0	0.0	0.0	0.0	0.280917223317	0.0	0.0	0.0	0.649936753945	0.180158634954	0.0	0.0	2.15076257851	3.79543251502	2.76009162909	1.92733175997	4.1505745445	0.916160296041	9.34510317564	5.45571845283	0.221665478399	0.0	0.0	0.0	0.0	0.0	0.0	0.0	2.92520644279	1.93230936038	2.73631382712	0.0622634371679	1.50788352516	4.73712619318	3.9181645252	0.793636905871	3.85968992036	0.404598393582	0.288021283906	0.0	5.57902386306	2.11183237528	0.256596521298	0.256167081262	0.261242281683	0.0846804510284	0.0229915119083	0.571050327397	0.396489052908	0.166188413793	0.144999452035	3.17126826321	4.00510173243	0.391357732482	2.35156239518	0.0	0.525334483603	0.0749009302168	0.348302708909	0.149253592388	0.197803496418	0.0744274481775	0.197145916363	0.0742468881625	0.0	0.22252435847	0.0	0.122064670131	0.0739956901416	0.0	0.0739598221387	0.0	0.0739241981357	0.0	0.0738884521327	0.0	0.0738528281298	0.0	0.0	0.0	0.0	0.0
0.0	0.0	6.9938770292	0.445402592701	0.0	0.0	0.0	0.0	0.634597465619	0.0	0.0	2.81437474838	4.86317304682	0.0	2.03152910182	1.79162994884	0.0	0.0	0.0	0.0	0.0	3.59581819522	0.0	6.00177152365	1.33719423791	0.570775238128	1.13432914767	0.0	0.563595729535	3.33283194676	0.547525782685	1.08840464667	1.27554664999	2.61452438756	0.0	0.0	0.0	1.01831803041	1.51315800342	0.0	0.0	0.500623431878	0.0	0.31852196757	0.495092122962	0.0	0.0	0.0	0.0	0.163524777949	0.0	2.03405060132	0.0	2.6781030751	4.3224651528	4.23480306998	16.12246784	0.0	2.46044231775	4.52496001311	0.56596839907	0.0	0.0	0.0	0.0	0.0	0.0	0.0	2.09109799014	3.57334609963	2.08889629058	0.0	1.47952981002	2.45959361791	2.44094682158	0.85703923202	2.71494156788	1.30597684402	0.332695254792	0.356735600079	5.59496140339	1.90271122706	0.232153844497	0.578637396587	1.41802982207	0.113961199664	0.113864644683	1.35549663432	0.10474296647	0.111410918163	0.222545086382	0.855891642245	2.57542269522	0.106553526115	0.683836815968	0.0	0.0635299795481	0.205530499716	0.307709039689	0.204748219869	0.102257382958	0.408252909982	0.0	0.0	0.101869810034	0.508194080393	0.26316213842	0.101103643184	0.30285546064	0.0	0.100724803258	0.100649404273	0.159930718653	0.0	0.200622800678	0.200323910736	1.40811602401	0.0	0.0	0.0	0.0	0.0	0.0
13.9537208511	0.0	1.20435999347	3.17356939359	0.0	0.0	0.0	0.0	0.0	0.0	1.68270490265	1.65916970121	11.0065506714	1.49220369103	0.935443657062	3.68919862504	0.0	0.0	2.72720656636	0.0	4.05819784755	3.72685742734	0.0	0.0	0.0	0.0	0.0	0.0	3.5065094139	0.0	0.0	0.576957155195	0.0	1.65160570075	2.15694293158	0.0	0.0	0.0	1.0639399049	0.0	0.0	1.05448242432	0.0	0.0	0.0	1.0360622232	0.0	2.04536772477	0.0	0.0	0.0	0.0	0.0	0.612769597379	4.58082067943	5.27324912167	7.25722444269	0.0	2.86432577473	1.26817287736	0.0	0.0	0.0	0.0	0.0	0.0	0.0	0.0	2.50452735278	0.523645831942	7.01563522795	0.0	1.51421369237	0.0	5.67127674595	0.0205970212564	2.18328053318	0.385540823518	0.290760177737	0.0	5.42776553109	0.599331716559	0.0	0.117438423164	1.3687988835	0.45278106762	0.0	1.79403210943	0.986567620181	0.219885493413	0.0	0.244800814933	0.920279696137	0.211271212887	1.25977807684	1.44678248825	0.608872277142	0.0	0.0	0.0	0.0	0.403498504614	0.40213078453	0.400771744447	0.0	0.199879332193	0.796166848566	0.0	0.593637636212	0.0	0.0	0.590682716032	0.196242411971	0.0	0.0	0.0	0.0	0.391513903882	0.0	0.0	0.0	0.0	0.0	0.0
0.0	0.0	0.0	1.87261315541	0.0	0.0	0.0	0.0	0.0	1.85168814809	0.0	0.0	8.9602781361	0.0	5.15247680336	6.62987732046	0.0	0.0	0.0	1.61683806589	1.60121306043	7.78194022367	0.0	0.0	0.0	0.0	0.0	0.0	1.4348505022	1.42253799789	1.41043799365	0.0	2.78535097488	0.0	0.0	0.0	0.0	0.0	1.32052546219	0.0	0.0	1.31008795853	0.0	0.0	0.0	0.0	3.86923885424	0.99560159846	2.47355086574	0.0	1.22306667807	1.21410667494	0.0	0.0	0.9385728285	2.00020070007	4.78583917504	0.0	7.68054018819	5.87293955552	0.0	0.0	0.0	0.0	0.0	0.0	0.0	0.0	3.55318874361	0.819745286911	2.35382582384	1.18234541382	2.71833845141	3.06880107408	2.78361347426	0.16502880776	0.0	2.36191332668	0.0	0.0	5.83527704235	3.59813875935	0.0	0.904777816673	0.501725175604	0.0	0.595062708273	0.194348818023	1.55893804562	0.581491453522	0.0	3.19386361785	3.95792638527	0.0	0.881537808539	1.79933812976	0.26243009185	0.262015091705	0.522791432977	1.04066161423	0.259147590701	0.25874259056	0.516276430696	0.257536340137	0.0	0.0	0.770217769576	0.255945089581	0.255551339443	0.0	0.0	0.0	0.764296517504	0.0	0.0	0.253983838894	0.0	0.253596338759	0.253208838622	0.0	0.0	0.0	0.0	0.0	0.0
12.216054779	0.0	5.23066404736	4.07407206	0.817708632469	0.812416631612	0.0	0.0	0.0	0.80203422993	0.0	2.37580598488	3.52879437166	0.0	1.32194181415	2.01287552609	0.0	0.0	0.719301356527	0.0	0.0	8.18885472659	0.0	0.689966031775	1.28502380818	0.0	1.24276088133	0.0	2.44920099677	0.0	0.599131357059	0.596285016598	0.0	3.37909374741	0.0	0.0	0.0	0.0	0.885310163421	0.0	0.0	0.0	0.0	0.0	0.0	0.0	0.0	0.0	0.539862207458	0.873909681574	0.0	0.0	0.0	0.0	2.117266543	1.67514507138	7.47884461158	0.0	9.92791960833	6.59140126781	0.615284559676	0.0	0.0	0.0	0.0	0.0	0.0	0.0	1.02909130671	1.45586723585	4.85315538621	0.0	0.0	3.34004634108	3.03899449232	1.53233664823	1.72260927906	3.60212638354	1.0777726746	0.0	5.48462968851	1.57198885466	0.228629557038	0.456014233874	2.45019639694	0.0	0.331327133675	0.745416120757	0.144780323455	0.325035952655	0.0	2.11683814292	2.60095542136	0.205766853335	0.0276267644755	0.65451088603	0.498284720722	0.0994200641061	0.0993414400933	0.0992628160806	0.396268804196	0.0	0.0988718380172	0.0	0.0987940960046	0.0	0.0	0.196891411897	0.784488727087	0.292923587454	0.0	0.0974896177933	0.38920272305	0.194149651452	0.0	0.0	0.0969624337079	0.0	0.0968875896958	0.418114687735	0.0	0.0	0.0	0.0	0.0	0.0
0.0	3.1880438596	0.0	2.93959368482	0.0	0.0	0.0	0.0	2.86515896242	2.79440724112	0.0	0.0	7.80777185014	0.0	2.48730844868	7.14982275209	0.0	0.0	0.0	0.0	1.7329028216	2.19750706145	0.0	0.0	0.0	2.07652682503	2.03911261378	0.0	0.0	2.00301920291	0.0	0.0	1.96818309242	3.83656955481	0.0	0.0	0.0	0.0	0.0	0.0	0.0	0.0	0.0	0.0	1.84016705389	0.0	3.53678596458	1.72778472007	0.0	0.0	0.0	0.0	1.70180051224	0.0	3.23358607332	12.0827074369	6.54009556856	0.0	8.21267337202	3.94603088775	0.0	0.0	0.0	0.0	0.0	0.0	1.02171022753	0.0	0.320776696554	2.62650049057	0.878057944296	0.387957176775	4.76110443309	2.42773273075	4.3607749126	0.0971815722517	2.17545985481	0.0	1.43706893256	0.0	5.53837006705	3.98286089884	0.325663658025	0.0	0.259881448224	0.0	0.0	0.0	0.192736528014	0.0	0.0	0.0	2.33782940368	0.302992881201	1.00193632158	1.08898468778	0.577387893793	0.0	0.0	0.0	0.0	0.0	0.287592856566	0.286863876346	0.286138706128	0.0	0.157847077512	0.28398478548	0.565841050318	0.0	0.0	0.0	0.843491073891	0.0	0.0	0.0	0.0	0.0	0.0	0.0	0.0	0.277712253591	0.0	0.0	0.0	0.0	0.0
0.0	0.0	0.0	5.63788573921	0.0	0.0	0.0	0.0	0.0	0.0	0.0	0.0	0.0	0.0	0.0	5.15791153167	0.0	0.0	0.0	2.49890459794	7.20168671213	3.94590561769	0.0	0.0	0.0	0.0	0.0	0.0	0.0	0.0	0.0	0.0	2.00322479671	1.24451406095	0.0	1.87898804653	0.0	1.85030325802	0.0	0.0	0.0	0.0	0.0	1.82247606918	3.56474737053	0.0	0.0	0.0	1.62677694766	0.0	1.6052217563	0.0	1.58424256472	7.15459553101	1.45142981797	5.09872435542	25.0657179487	0.0	0.0	2.20684711506	0.0	0.0	0.0	0.0	0.0	0.0	0.411981914796	0.0	1.71304891306	4.78843967983	6.04168717728	1.53443778469	3.19495551882	0.387816804485	2.51437979173	2.21880231026	0.347268980745	2.09381036038	1.03731926403	0.0	3.69826411699	0.0	0.325350269535	0.648090620115	0.12782958074	0.321040511263	0.320191871603	2.3296630658	0.0	0.621502470778	0.309560195867	0.522663470412	1.48470980463	0.0	1.75221689736	0.133296586548	0.0	0.283491726319	0.565002013434	0.281516687112	0.0	0.280863887374	0.559782175528	0.0	0.0	0.278924688151	0.0721269470771	0.0	0.898800279581	0.547146020594	0.0	0.816114872739	1.61592255201	0.0	0.321876350927	0.0	0.0	0.0	0.0	0.0	0.0	0.0	0.0	0.0	0.0	0.0	0.0	0.0
22.2067096412	0.0	0.0	0.0	0.0	0.0	0.0	0.0	0.0	7.42462235174	2.35158019148	2.29491047963	6.57050027323	0.0	0.0	6.14628368457	0.0	0.0	0.0	0.0	0.0	0.0	0.0	0.0	0.0	0.0	1.88589009415	0.0	1.8492669865	1.81404997913	0.0	0.0	1.78013587205	1.74747306522	0.0	0.0	0.0	1.71598415865	0.0	0.0	0.0	0.0	0.0	0.0	1.68560465229	0.0	0.0	0.0	0.0	0.0	0.0	1.62798034025	0.0	0.0	0.933326805065	4.50010144053	4.63938276963	0.0	7.23647581242	9.91774137281	0.0	0.0	0.0	0.0	3.55983314401	0.0	0.0	0.0	3.2411901774	1.12549427523	3.51525073469	0.751133616987	0.0	3.91335771789	3.34190049846	0.0	1.52378701848	2.68283936071	0.877743273448	0.435856261093	3.83546750162	0.0	0.0	0.0	0.0	0.0	0.0	0.0	0.406117884878	0.807075768679	0.0	2.43737810941	1.58542323135	0.0	1.5057141147	1.60123863466	1.05621481075	0.349484293042	0.0	0.0	0.0	0.0	0.348207192775	0.0	0.0	0.34693783251	0.345678792246	0.0	0.344428781986	0.0	0.0	0.0	0.343187801727	0.0	0.0	0.0	0.0	0.0	0.0	0.0	0.0190296969772	0.0187635699216	0.0	0.0	0.353245933828	0.0	0.0	0.0	0.0
21.3116834099	0.0	0.0	3.41224054596	3.30389852862	3.20222551236	0.0	0.0	3.10661049706	3.01655948265	0.0	0.0	2.93157846905	0.0	0.0	2.77520144403	0.0	2.7031164325	0.0	0.0	0.0	5.20427783269	0.0	7.3487451758	4.62582974013	2.23801535809	0.0	0.0	0.0	0.0	0.0	0.0	2.19090335054	0.0	0.0	0.0	0.0	0.0	0.0	0.0	0.0	0.0	0.0	0.0	2.14572834332	0.0	0.0	2.10237333637	2.06073432972	0.0	0.0	0.0	0.0	1.98222731716	3.85465661675	3.71696059471	10.4150816664	1.37835122053	0.0	2.63467142155	1.29273580684	1.2768745043	0.0	0.0	0.0	0.0	0.885656341705	0.0	1.56357525017	0.0212396633983	0.0977584556413	0.0	3.41224054596	6.29566700731	0.399478363917	0.0	1.76883228301	0.434166269467	2.15412634466	0.0	4.69761575162	0.230997036959	0.0	0.506394281022	0.0	0.494366679099	0.0	0.356168856987	0.485147077623	0.482896777263	0.0	0.0	0.352969556475	0.0	0.804197028671	0.330814952931	0.0	0.0	0.0	0.0	0.0	0.0	0.0	0.0	0.451470572236	0.449520571924	0.0	0.0	1.33702421393	0.0	0.0	0.0	0.0	0.0	0.881903241105	0.0	0.0	0.438165070106	0.0	0.0	0.0	0.0	0.0	0.0	0.436326869813	0.0	0.0	0.0	0.0	0.0
10.4960204498	12.246599508	2.44066080231	0.0	0.0	0.0	0.0	0.0	0.0	0.0	3.05380625265	2.96654715971	9.21415935365	1.30595592422	1.28973288553	3.16683304349	1.21430833164	0.0	0.0	0.0	0.612039810424	0.0	0.0	4.51471813431	0.0	0.0	0.0	0.0	0.0	1.08715319194	0.0	0.0	0.0	1.09186002156	0.0	0.0	0.0	1.02288590715	1.01290632795	0.0	0.0	0.0	0.0	1.48687607956	0.0	0.965794801771	0.0	3.24655963703	0.0	0.0	3.61156490746	0.327687303457	0.868808959627	0.0	1.67458596436	5.65707734178	6.75581355277	0.0	8.0752978459	6.84789344532	0.0	0.0	1.5864229715	0.442739354139	0.0	0.0	0.0	0.0	1.54969057448	3.20150874067	3.22621533868	0.493217580049	1.89680124636	2.7850597744	1.12408339895	0.0	1.3481077908	0.759651908468	1.86698564877	1.22625946067	3.59420740887	0.658239576683	0.18962903464	0.220167752167	0.0	0.0	0.0	0.0	0.617099030014	0.181348525311	0.0	1.22428267083	0.976835480876	0.0	0.0	1.23645387985	0.510145398679	0.162603736829	0.16234959685	0.485529190672	0.0	0.0166200996537	0.321430743964	0.160342677013	0.0	0.0	0.319452644125	0.0	0.0	0.317499434282	0.158386847171	0.158144497191	0.472995111688	0.314136664555	0.469430601976	0.156006577364	0.155772087382	0.0	0.0	0.0	0.0	0.0	0.0	0.0	0.0	0.0	0.0	0.0	0.0	0.0	0.0
0.0	0.0	0.0	1.82359394767	7.02006647823	0.0	0.0	0.0	0.0	0.0	0.0	0.0	0.0	0.0	0.0	0.0	0.0	0.0	0.0	0.0	0.0	6.61869391367	0.0	0.0	6.2607361669	0.0	0.0	0.0	0.0	5.93954043522	0.0	0.0	0.0	0.0	0.0	0.0	0.0	0.0	0.0	0.0	0.0	0.0	0.0	0.0	0.0	0.0	0.0	0.0	0.0	0.0	0.0	5.38680340858	5.1473157104	0.0	9.65522315864	0.922679058299	21.9916050165	0.0	3.0880620661	3.00784563322	0.0	0.0	2.85929277231	0.0	0.0	0.0	0.0	0.0	0.0	1.59720065485	4.85728519148	2.89503838697	2.82441835801	0.0	3.25897573618	0.0	3.67635990731	8.14977574141	0.0	0.0	0.40331692536	0.0	0.0	1.08728972579	1.46060699884	0.0	0.0	4.13599729576	0.0	0.0	0.0	2.2778193339	3.86020958268	0.0	0.379036835405	4.93545562353	0.830078380332	0.0	1.64251627344	0.0	0.0	0.0	0.0	0.0	0.0	0.0	0.812602893167	0.806941410846	1.59720065485	0.0	0.0	0.0	0.790416324071	0.0	0.0	0.0	0.0	0.0	0.0	0.0	0.0	0.0	0.0	0.0	0.0	0.0	0.0	0.0	0.0	0.0	0.0	0.0
