0.0	0.0	7.12827643586	0.0	0.0	0.966189516906	0.0	0.0	0.433731783134	0.919513540244	0.0	0.910713544644	3.25953837024	0.0	0.0	6.38203680898	0.0	0.0	0.0	0.0
0.0	0.0	1.69139703828	0.0	2.29584645916	0.0	0.0	0.0	0.0	2.01070840214	0.0	0.0	6.01778220355	1.00088120018	6.98957839791	0.0	0.0	0.993806298761	0.0	0.0	0.0
0.0	0.0	0.0	1.88154887107	0.0	0.0	0.0	0.478570112858	0.0	0.0	0.0	2.81870430877	2.93011224194	0.0	5.97629641422	7.04364777382	0.0	0.871120277328	0.0	0.0	0.0	0.0
0.0	0.0	0.78888341878	0.0	0.422553442241	0.397816957332	0.190134674018	0.0	0.0	0.0	0.636085311988	1.87184695817	9.51336919685	0.0	0.292355121663	7.94895615114	0.0	0.199519818293	0.384253865605	0.354225083922	0.0	0.0	0.0
1.98479573429	0.0	0.767094478932	0.0	1.08799817728	0.0	0.0	0.0	0.0	0.0	0.0749888895106	2.50235764778	10.4792061495	0.974658283822	1.45856742895	4.08597215918	0.0	0.0	0.305140513169	0.279220537534	0.0	0.0	0.0	0.0
0.0	0.0	1.11448513708	0.175910521637	0.0	0.0192639273695	0.0	0.0	2.71445033387	0.827700101808	0.0	4.95180060907	9.72780119653	0.799137598295	0.0	3.14210038647	0.786117596693	0.0	0.741232591173	0.0	0.0	0.0	0.0	0.0	0.0
0.0	0.0	6.89941041314	0.351959319049	1.09730114762	0.0	1.00280416935	0.0	0.0	0.197378694603	0.0	2.04059913066	5.1917048059	0.461398493878	3.74015113976	1.85925957237	0.0	0.0	0.0	0.527833678598	0.0890328195224	2.54116661553	0.0	0.0	0.0	0.0
0.0	0.0	0.658124977425	0.0	1.11884756162	0.0	0.0	0.0	0.0	0.94956566743	0.252309591346	3.08269789427	8.06832872325	0.222573412366	6.45164977871	5.59007980827	0.0145073155024	0.0	0.297623689791	0.00218879002492	0.0	0.291502790002	0.0	0.0	0.0	0.0	0.0
0.0	0.0	2.69612293481	0.51899122595	0.379512018976	0.167556208378	0.0	0.0836046441801	0.611609630582	0.598920029946	0.838832441941	4.83028024153	6.08711630436	0.0	2.7339481367	4.3262522163	0.0	0.230931411547	0.460432023022	0.551712027586	0.0	0.0608249630414	0.030241961512	0.0601462430072	0.0	2.73296533665	0.0	0.0
3.25730867427	0.0	0.358381964162	0.0	2.70324632968	0.719513128048	0.0	0.0	0.0	2.05875039413	0.0	1.96195130381	12.5783427422	0.0	1.19507828049	3.59011264098	0.0	0.0	0.57731454227	0.0	0.0	0.0	0.0	0.0	0.0	0.0	0.0	0.0	0.0
0.0	0.0	3.13232993736	0.0	3.43037993139	0.0	0.185408096292	0.0	0.0	0.0	0.916937981661	0.984206980317	10.9202697816	1.31323197374	0.945986981079	6.57311986854	0.214647595707	0.0	0.0	0.164115896718	0.0	0.0	0.0	0.0	0.586310988273	0.63305398734	0.0	0.0	0.0	0.0
10.4343248607	0.0	0.118371993798	0.277606342714	2.34666676827	1.16393883066	0.0625685631505	0.0	2.15726909819	2.7494468173	0.0	3.06719693486	2.82148774395	0.0	2.2267494239	1.10014700705	0.0	0.0	0.352281030343	0.351713730135	0.0	1.07850899905	0.0	0.34613372807	0.345588127869	0.0	0.0	0.0	0.0	0.0	0.0
11.7209163494	0.0	0.0	0.8136823912	0.911583093888	0.936933468688	0.0	0.0	0.208060913188	2.36853524568	0.0	0.637058566765	4.92463510493	0.867653537552	3.40790061254	3.01526100283	0.0	0.271761009869	0.0	0.0	0.829816775162	0.547407455878	0.267559414046	0.00442540360115	0.266809654791	0.0	0.0	0.0	0.0	0.0	0.0	0.0
8.23544179521	0.0	3.66972968073	0.0	2.0919247779	0.486257992684	0.0	0.00637896196849	0.0	0.499174184523	0.314207651421	1.74006910027	5.98467821767	0.0	3.71936164938	2.48527462931	0.0	0.145525618028	0.127948839136	0.141284460708	0.0	0.832965673564	0.567418141392	0.424617331641	0.0	0.141268620718	0.141178860775	0.0	1.24529381297	0.0	0.0	0.0	0.0
2.89422687161	0.0	3.9040123197	0.18392928661	1.5962678952	0.251930582505	0.0103059682846	0.0	0.962440492707	0.9330645204	0.205937125863	3.1101096681	7.689602751	0.113075053404	2.56296518389	6.12159222918	0.0	0.281944394211	0.197598973724	0.00163028826313	0.0	1.14290212259	0.0	0.00494107934203	0.644306192614	0.454565971481	0.182795727678	0.0907221144764	0.183541346976	0.2755918402	0.0	0.0	0.0	0.0
0.0	0.0	0.0	0.0	0.732972781688	0.0	0.0	0.0	0.0	0.675898337618	0.487294022453	4.04634603457	11.2701639552	0.0	4.36155572566	5.07398002751	0.0	0.0	1.56512496618	0.0	0.0	0.0	0.0	0.588762423014	1.68920334458	0.220411583997	0.0	0.0	0.619516892873	0.377359130186	3.29141077442	0.0	0.0	0.0	0.0
3.37591675091	0.0	3.93436654427	0.0	2.02171605197	0.252938426413	0.198749446463	0.595184179781	0.173867335669	0.243832229782	0.194744807945	3.50295710391	8.09236500581	0.0	5.04280613416	4.89589018852	0.173199175916	0.0	0.863978080327	0.0	0.988617234211	0.112070838534	0.0	0.0	0.831506092344	0.168601617617	0.168473817665	0.0	0.0	0.168218937759	0.0	0.0	0.0	0.0	0.0	0.0
1.51105778942	0.0	4.34376296959	0.0	2.10566258526	0.338752757629	0.0	0.0	0.0	0.226203568416	0.558981196085	3.24904397726	10.2754179281	0.588111295882	4.07014797151	6.83704495216	0.145265328983	0.0726076894916	0.114549779198	0.295298107933	0.0	1.08309729242	0.0122957289139	0.452787496829	0.0	0.0	0.186955448691	0.0	0.207957758544	0.25578506821	0.0692133095157	0.0	0.0	0.0	0.0	0.0	0.0
8.5799096293	0.0	3.77344719617	0.0862699164922	1.61495508313	0.0	0.0504826413541	0.0	0.0	0.0	0.260967010389	3.93068366269	8.56999162512	0.436950784832	3.73542818009	3.38783823306	0.0	0.0476223801442	0.456573993131	0.0	0.0	1.50554543685	0.0	0.0999499222788	0.226569395839	0.137908898335	0.0236723760134	0.0459093394195	0.0806147541001	0.26943265397	0.0	0.497397410398	0.0170585872158	0.164820889719	0.0	0.0	0.0	0.0
0.663491751651	0.0	4.8224695559	3.48052564468	3.50073935539	0.0	0.182609406783	0.364813213351	0.0	1.60813465231	0.357670359565	4.21520023404	6.70971955614	0.826324637951	3.6362254272	5.31258281568	0.0	0.0	0.390854307152	0.0	0.0	1.949053333	0.268581442348	0.0	0.0	0.0	0.0	0.0	0.133609000813	0.0	0.156134242751	0.288779943054	0.132481120215	0.0	0.0	0.0	0.0	0.0	0.0
1.01464432367	0.0	4.05908129484	0.78802425138	2.25995672093	0.060996819458	0.0929912296644	0.264034884227	1.10963635397	0.239988876556	0.33269730613	3.12935699826	11.4518036531	0.453832144772	3.6971971794	6.50892207636	0.141721645209	0.0	0.0	0.0	0.211838467576	1.47358847008	0.0	0.725120231312	0.659452210364	0.135720443295	0.0	0.0	0.0374220519376	0.15398284912	0.0	0.0	0.0	0.135209243132	0.0	0.862780275228	0.0	0.0	0.0	0.0
1.79981846237	0.0	4.71549321143	0.0	1.94389249938	0.0092086433657	0.53075333635	0.0	0.0	1.23000851599	0.203678212325	4.38819012734	12.3175511644	0.743559791019	3.6660200418	5.46239040331	0.0	0.0	0.422025408416	0.0	0.0	0.429848210429	0.0	0.0688541876886	0.533565937071	0.22717039836	0.00211740044396	0.0	0.343967948365	0.114989449541	0.0	0.0	0.00189084668576	0.340161917387	0.0563258144701	0.0	0.488884125595	0.959633946529	0.0	0.0	0.0
1.2593203367	0.0	2.72261799273	0.372566257951	2.53699048414	0.0	0.0	0.558096326487	0.703668411646	0.916814336336	0.0	3.96540711977	10.8226503312	0.509716498183	3.14447463952	6.51911781368	0.243860122658	0.730355227258	0.0	0.0	1.93237913044	2.47698504904	0.0	0.0517965303009	1.48116446648	0.0	0.0	0.233304256483	0.0490753487091	0.28129978456	0.0	0.23218747583	0.0	0.0243341842355	0.231817875613	0.0	0.0	0.0	0.0	0.0	0.0	0.0
0.0	0.0	2.21892729586	0.0	3.66736828346	0.0	0.0	0.0	0.513135805914	1.16331250658	1.59173837754	5.90750746303	12.9786800324	0.53377579006	5.06307411155	4.47461956348	0.0	0.0	0.0	0.0	0.0	1.59911287188	0.0	0.626935218512	0.847752948924	0.0	1.08896126368	0.0	0.0	0.164736743482	0.0	0.301843858184	0.150803034183	0.0267144604833	0.0	0.0	0.0270543322223	0.0539460385695	0.0	0.0	0.0	0.0	0.0
3.2069317625	0.0	2.72186687742	0.0	2.81319769343	0.0	0.0	0.412745592395	0.0	1.17437340599	0.417706593266	3.61019183323	9.66468969519	0.558641697984	5.49630496404	5.18614890966	0.0	0.176230590911	0.704176123512	0.526640492374	0.0	0.0	0.000526442492338	1.19070180885	0.0	0.843255747906	0.0	0.0	0.0	0.167764109426	0.0	0.167764549426	0.0	0.334851498733	0.0	0.0	0.0	0.0	0.334008458585	0.497996487349	3.79328466534	0.0	0.0	0.0
0.923777753351	0.0	3.35065860537	1.30320865204	1.87433049956	0.685412816994	0.0191078048982	0.0	0.0	2.20206991205	0.996146734027	2.86856473409	9.72683740291	0.847624273686	4.25621136359	5.9879684012	0.0	0.198452647013	0.950233246285	0.123677966978	1.10443470511	2.14587392705	0.101857472804	1.08074221144	1.28972215564	0.0060539833836	0.111468570238	0.0	0.0241081135632	0.0	0.186299950258	0.105105121937	0.191901098763	0.296083720946	0.0	0.0927067252473	0.109915170653	0.0172057454061	0.760513296942	0.74595580083	0.315769415689	0.0	0.0	0.0	0.0
7.31279912966	0.0	2.890389675	0.499688467208	1.4090020616	0.0	0.437546188594	0.0	0.0	0.701444332838	0.240692079699	2.98779921013	8.73617618169	0.876129216499	4.75842083088	4.05447869972	0.00626611582679	0.00626252782913	0.582663211949	0.324810383676	0.0	3.0099113954	0.0852025232553	1.14090044016	0.795735070039	0.356915602294	0.256045949473	0.117061642037	0.417452021977	0.648949167798	0.0	0.294458223891	0.0	0.478822881105	0.115641162983	0.288824147643	0.0146314862555	0.288109768119	0.211364339231	0.321652485779	0.0109713606931	0.978147948553	0.344634070474	0.0	0.0	0.0
8.40528773517	0.0	3.94197729984	1.45058846397	1.31004443528	0.0	0.280305977773	0.00358696297998	0.0	2.00618928206	1.15802301242	1.50764643502	4.3882514734	0.166348895595	2.50151263073	2.03142356926	0.0820351683754	0.0819999183932	0.711908638777	0.479545456676	1.11397463477	8.18466984708	0.167352345086	1.76319000536	0.752808018026	0.135222221388	0.75352711766	0.0	0.0	0.150801773483	0.053045113085	0.167558204981	0.0	0.41470240958	0.0705182942189	0.0704919742325	0.0154516651598	0.0519509536401	0.672668358686	0.0	0.139713539109	0.199890428575	0.199513958767	1.41627378138	0.0	0.0	0.0
0.32139508596	0.0	8.17464116899	1.76031385173	2.23832192008	0.14426450063	0.361907091753	0.0	0.0	1.76824345286	1.21639697394	0.334456367827	4.95763270896	0.443230623382	1.81963226021	3.65841652315	0.266460998104	0.156393622364	1.19086577029	0.829248118584	0.269013158469	9.65006537995	0.0	1.73194104767	0.987648141235	0.322207246076	0.660868894502	0.0885787326667	0.395642456577	0.83251211905	0.045880806561	0.414716219304	0.0	0.548145678384	0.0	0.027734211966	0.263772037719	0.0	0.0	0.0	0.225094112188	0.265331077943	0.044929974425	1.32186738903	0.262230277499	0.0	0.0	0.0
7.7301849241	0.0	6.64900077391	2.23318304472	1.23677862789	0.0	0.0	0.0179025279286	0.0	0.740007218355	0.439751134355	0.472376288712	2.59034376399	0.450210666134	1.46181095102	0.910566284296	0.0	0.0	0.0	0.216389709918	1.1950404607	15.7536346177	0.0	1.2498714176	1.65799699682	0.124087012467	0.564043456663	0.163459951521	0.0969003638364	0.646632891747	0.122483733728	0.00516714393863	0.351287583888	0.756000805782	0.193052498261	0.0	0.446206389282	0.0807058765651	0.396652238231	0.0	0.0164486990713	0.0	0.0318219469879	0.0	0.0	0.0	0.0	0.0	0.0
1.52126943713	0.0	6.69469752295	0.95637464614	1.18790956047	0.077640971273	0.100714462735	0.142630447227	0.0	1.01687462375	0.69800474174	1.14726957551	6.78689748885	0.547289797505	1.83503432103	1.58156441482	0.0	0.0484510320731	0.457965830552	0.729744729995	0.0	18.1688932775	0.0	1.59804440872	0.68537474641	0.422258843764	0.065778475662	0.0341967373472	0.746609723755	0.680064748375	0.176474434704	0.256556905074	0.212832421252	0.50705981239	0.329051878251	0.0	0.428759341359	0.0	0.0	0.0931364655395	0.0	0.0	0.0465340327824	0.0180401433252	0.0	0.0	0.0	0.0	0.0	0.0
0.0	0.0	6.3001792514	1.07324846142	3.00200611381	0.179838642996	0.0	0.0	0.0	1.60930404246	0.912940256799	1.70200668731	5.04593699767	0.277467884906	2.91312846669	2.77051215155	0.0	0.146511182826	0.469013570937	0.140538576379	0.0	16.5115461756	0.0	0.895982766892	0.0218357390077	0.179704003076	1.11317123766	0.109373514923	0.477459165912	1.09828434652	0.0	0.153104968903	0.0	1.62411443365	0.131526881742	0.037270522824	0.00613284835095	0.204966838045	0.641222618474	0.0789581530198	0.0394694885157	0.0252058170025	0.0	0.0251921490107	0.0394376645346	0.0	0.544128876242	0.499279502929	0.0	0.0	0.0
0.0	0.0	2.08309312927	0.348354614388	1.07068475245	0.119636349992	0.0	0.0	0.0	0.779209274293	0.411515867987	0.437801856999	1.78853925239	0.215738549821	1.10211353932	0.702753706247	0.0405551990479	0.0	0.0386851238296	0.593096152085	0.297888635482	5.75083359614	0.00607188146193	1.06288995571	0.47856515996	0.151838376531	0.720927698655	0.0216357869563	0.35327745233	0.225830185603	0.0	0.0426873541567	0.0	0.629667736797	0.117760710776	0.11248947298	0.0170719048639	0.0	0.00732960493621	0.0	0.0287853159677	0.0525589780305	0.0	0.0375091443212	0.0	0.0	0.180261044651	31.9723426356	0.0	0.0	0.0	0.0
0.0	0.0	8.79832946422	3.39066881804	3.08374011812	0.0	0.0	0.0	0.0	0.817033164595	0.855850415173	2.75508138987	7.31708353417	0.745885871887	3.34301645595	3.09971433893	0.0	0.2178816939	1.54053710732	0.487295884946	0.0	8.72704437136	0.0	0.553082220668	0.71772163519	0.535237097416	0.54646781205	0.145575289684	1.3245618259	0.647093743161	0.0	0.36201803171	0.0	1.40783553441	0.178384982436	0.0109130322197	0.0182257697482	0.0	0.434130455672	0.0	0.141973404991	0.280569645582	0.0	0.0692991802966	0.0	0.0	0.0331499001943	0.0	0.35165757821	0.0629402320111	0.0	0.0	0.0
1.87371271111	0.0	8.55942793942	2.83774185377	1.44594111404	0.0497171824141	0.0109796527913	0.0	0.0	0.326756544987	0.220851795228	0.855726794044	3.71355663829	0.270803391531	1.51317108215	1.10654587506	0.0612057309642	0.0	1.0649172948	0.670307082005	0.0	17.9414374886	0.0	1.7626455638	1.03925110698	0.619266306218	0.468362297809	0.141184013022	0.644003694484	0.95202494836	0.283225005638	0.353447652325	0.477527713461	2.79626447345	0.206467822052	0.0807823416767	0.31233153183	0.306584314556	0.667904083144	0.0	0.00251555640662	0.17377677756	0.0	0.0457708102863	0.0	0.0	0.0	0.0407153866846	0.0114294725779	0.0917189564884	0.0	0.0	0.0	0.0
4.66489182569	0.0	5.76350602014	1.92687584105	2.26805740145	0.0	0.0128285322707	0.0	0.0	0.0	0.336884959629	0.433126726663	5.39900445562	0.322544257091	1.77304081383	1.70716730217	0.0634304112271	0.0607827107586	1.05050018594	0.251464994509	0.0	11.3866520154	0.0	2.42887742991	2.46087643557	0.474624784009	0.335963159465	0.32926580828	0.235060691606	0.814236644122	0.0	0.0982135173838	0.71564912667	1.98487885132	0.0414054373287	0.169959930083	0.500373588566	0.692835122634	1.32567073464	0.0	0.0	0.0	0.0	0.0185852732896	0.0444343428649	0.0	0.0	0.128003172657	0.133075273554	0.132977923537	4.51427429903	0.0	0.0	0.0	0.0
0.590721652573	0.0	9.54928884991	5.40812208133	1.73615695452	0.0	0.0	0.0	0.0	1.07292089549	0.673881659976	1.62167054433	5.08734845278	0.697519262082	3.67991712751	3.06566987284	0.118779370571	0.0	0.800895271282	0.391278754824	0.0	12.5014411126	0.046651756152	0.297270986457	0.560117649851	0.306080907241	0.458134920774	0.149276973285	0.391356594831	0.858127276373	0.253473382559	0.617562454964	0.420861317457	2.51225542359	0.0	0.102782969148	0.0437989478981	0.213014498958	0.481712602872	0.181624816164	0.243314421655	0.430484358313	0.0	0.34662659085	0.0	0.0	0.0	0.0	0.0	0.0	0.0	0.0898592879974	0.0	0.0	0.0	0.0
4.14792987096	0.0	6.57791395394	3.25982427718	2.11239718521	0.0	0.0	0.0	0.0	0.511778486418	0.385117647304	1.2722570911	5.0145464649	0.305861997859	2.49103678256	2.15510728491	0.181999288726	0.0	0.0442138166905	0.485496356602	0.0	16.136984887	0.0	1.12508309212	0.518461736371	0.886663493793	0.493856546543	0.247606858267	0.792761694448	1.61656558869	0.423951177033	0.0	0.443902886893	1.92532318653	0.0658030795394	0.0	0.486510956594	0.71021999503	1.25034629124	0.185531578702	0.0777440094557	0.138951179028	0.0	0.0176399608765	0.184843588706	0.0	0.0	0.0161961508866	0.0	0.0	0.0	0.138346409032	0.171225148801	0.0	0.0	0.0	0.0
2.79103374771	0.0	7.60698549665	2.85845870779	2.44236115412	0.0	0.0	0.106252457098	0.0	0.0	0.641062020489	0.6332784251	5.94105248288	0.287188569985	2.02412920171	1.35747179638	0.0970571425423	0.285032711261	0.0	0.712071378456	0.0	17.1552878441	0.0	0.0	0.285140011197	0.524123069719	1.49354551582	0.0644495618459	1.30700602625	0.931786848379	0.0	0.871339284165	0.67963199766	2.56308808265	0.365834203426	0.464745604871	0.963153229814	0.0	0.869170085453	0.142405575696	0.142300015758	0.23609814023	0.0	0.517991893349	0.0	0.0	0.141254856377	0.19535432435	0.0	0.0704850382731	0.178465894348	0.0	0.0539076040867	0.0	0.0	0.0	0.0	0.0
0.566427031246	0.0	4.86069046675	2.68806898389	2.14887398742	0.0339157304882	0.0	0.0	0.0	0.0	0.666634972005	1.77168705984	4.62722161157	0.559770062524	2.53666321296	0.973128113159	0.0778174450588	0.127000425616	0.626556279699	0.909526125372	0.0	19.5813292404	0.0	1.64992878321	0.198710191848	0.706212164406	0.965617414604	0.0	0.90292402664	1.80437895356	0.193817322787	0.671024571162	0.879589531118	3.95283404105	0.185193884443	0.199358601723	0.998622008262	0.295274883307	1.51217560966	0.0489962455927	0.0993465409253	0.0424014038589	0.0	0.379985887043	0.0928878121655	0.0	0.041588561015	0.100901190627	0.0	0.00619659181026	0.0	0.0517234020691	0.0861683034558	0.178831325664	0.0	0.0	0.0	0.0	0.0
1.68010686593	0.0	5.41989234157	2.31118043995	2.21404650552	0.00671879546484	0.0465556485749	0.0	0.0	0.851963424924	0.482023474634	1.62153490546	6.71459546766	0.514004053047	2.33963242075	1.70735884753	0.0263271422292	0.242015836639	0.248945231962	0.630335574522	0.0	13.1485711247	0.125138915531	1.84804675257	1.14731922556	0.755207490234	1.21131518236	0.0810743452746	0.995495328042	1.21350518089	0.363486354647	0.256862826617	0.92902137291	3.86911538835	0.263536022113	0.28807480555	0.64075756749	0.486606271541	1.37993306855	0.223919848854	0.238573638963	0.726377509698	0.0	1.64138889206	0.0999497325342	0.00732599505498	0.0599389395412	0.609275588736	0.119471319357	0.0	0.0	0.0130660711804	0.105074329075	0.0953339356494	0.0	0.0	0.0	0.0	0.0	0.0
0.0	0.0	7.30505739535	2.5004579199	1.59379022261	0.235065407078	0.397062550197	0.0	0.0	0.0	0.689050125938	1.85128350704	3.96653240062	0.607065489057	3.11796722238	1.58160241861	0.00437001703293	0.151343489625	0.00535455125576	0.465534462649	0.0	17.8634288574	0.0	1.45810177811	0.803565463489	0.648375312603	0.320231805004	0.0	0.396577600038	2.89437774907	0.199264495339	0.69127662667	1.86020780996	5.03843695211	0.312404892437	0.359702477947	0.093421530633	0.557470642794	0.581316770614	0.233863706684	0.0928481304451	0.268520258048	0.101710213351	0.223801143384	0.164141293822	0.0674989621326	0.0	0.159509562303	0.0	0.0672799720613	0.0	0.100859263072	0.230339735528	0.148464288682	0.0621864703911	0.0334940739827	0.495784982568	0.0	0.0	0.0	0.0
3.91335364612	0.0	5.13978198594	1.8956440161	1.67069559046	0.0	0.0	0.0202097083039	0.0	0.596675668021	0.325576917116	1.24960394246	6.38984472844	0.781683689113	2.79415431853	2.32460966501	0.173120139736	0.190562601724	0.248487348328	0.325032557054	0.0	16.4920638801	0.0	1.81448600685	0.976983711377	0.846386896491	0.566291944558	0.108891852414	0.994046113324	1.95580882296	0.532856580746	0.821965093707	0.918176704675	3.30978977731	0.261218429779	0.0283892452364	0.0526145699981	0.755916486174	1.74007979837	0.177777580267	0.287308652753	0.187179881339	0.0451262091444	0.362596501336	0.0102330391666	0.0149447297037	0.0	0.27421673126	0.0694400079162	0.0149627097057	0.0298045813977	0.0594023927719	0.118741173536	0.0	0.103671451818	0.00986748712487	0.0197244342486	0.0	0.0	0.0	0.0	0.0
2.3256027535	0.0	5.84346885724	2.78203811729	2.24772209144	0.0307593965153	0.0	0.0	0.0	0.581056393102	0.0972367974976	1.89654721155	5.3363940531	0.494352573999	2.30762253918	1.54596453214	0.115230871839	0.253669072175	0.169196084849	0.0872134895092	0.0	13.9067570837	0.0	1.57550525568	0.538903689506	0.680891942669	0.780816322308	0.275196819332	1.27161191347	1.94305384862	0.115176061795	0.35337484164	1.23756668634	7.91494830819	0.248093567731	0.114433921204	0.94539135348	0.413536739589	1.56987305119	0.185475927824	0.367760273105	0.856183282378	0.039880795785	0.336946318546	0.176723960849	0.0792704431783	0.0845454373829	0.542443032327	0.0714225269236	0.0298112457596	0.0	0.0589189069584	0.0	0.0	0.0246832306725	0.0	0.0761532006942	0.0	0.0705751762483	0.0	0.0	0.0	0.0
3.96480084451	0.0	6.12183810395	2.50740533408	1.45296030948	0.226818608312	0.0	0.0	0.0	0.978169808352	0.825920175923	1.3478786871	4.13751128129	0.499887466476	3.36797511738	2.17016366225	0.145543071001	0.0	0.0	0.500796266669	0.0	15.8631073788	0.0	1.54618912934	1.17928345119	1.04090902172	0.0805011371469	0.216980526217	1.26483866941	2.43745331917	0.0315292867157	0.0	1.50817312124	6.79744144787	0.425795290694	0.35835719633	0.0296720703201	0.623185412739	0.662393741088	0.388351442719	0.348563274244	0.474833381139	0.0	0.0277701819151	0.122970906193	0.0614453250879	0.013690434916	0.0	0.0	0.0	0.0	0.0	0.0	0.0376419920177	0.0	0.0612188930396	0.0	0.0	0.150035231958	0.0	0.0	0.0	0.0	0.0
5.26682471455	0.0	7.27427753403	1.45735800595	2.47682416036	0.0	0.0	0.0	0.0	1.67029793377	1.12806161759	2.01416731719	4.1961580775	0.298009298975	1.93041484559	1.8808133624	0.0667367773761	0.0708493259819	0.0	0.343892783421	0.0	11.2400561896	0.0	2.39769968718	1.24085607935	1.20163509264	1.40946602219	0.149556499301	0.605882344606	2.8746240255	0.368924924934	0.0998523161499	1.53500047964	5.25401971889	0.511965176444	0.591255399565	0.686061767424	1.16804310403	1.73122891312	0.156901496811	0.358302628535	0.664585774703	0.0230883171731	0.049247688305	0.0230569871837	0.0	0.0789749732278	0.187066036585	0.0327497838978	0.0459692844164	0.0	0.0689240266344	0.0	0.0	0.0786122733507	0.0458789344471	0.0	0.0229155472317	0.0229127522326	0.0	0.0	0.0	0.0	0.0	0.0
4.78387708628	0.0	4.13117681094	1.75685366444	1.79375425739	0.0	0.0127030175737	0.0	0.0	2.07525080362	1.14803018073	2.523568918	8.09668045355	0.681760069782	2.99322482829	4.230354992	0.0807919045685	0.350636813028	0.118192777425	0.0	0.0	4.67359770734	0.0	2.42509033681	1.52172210935	0.708014864766	1.01902660537	0.133502794501	1.38879153474	3.49542533238	0.106055379743	0.155297970338	1.16669497716	6.63082073353	0.464354131309	0.613151102888	1.07977299376	1.10043098982	2.51995211869	0.272601727933	0.426967778449	0.690663468086	0.0273571927748	0.0915934625054	0.0384984526468	0.00744836257737	0.0148860991568	0.061444932264	0.067189967167	0.0	0.0	0.0	0.0	0.0	0.0798098247566	0.0542794456327	0.0	0.00903328627463	0.108353499304	0.0	0.0	0.0549941594961	0.0163200808829	0.0	0.0	0.0
0.342603225095	5.20730128939	0.686247630389	0.0	1.81287294445	0.897512070528	0.0	0.0	0.0	0.794713950998	0.858122763044	9.71473384578	11.6774322187	0.0	2.41680435919	5.72304058738	0.0	0.0	0.0	0.0	0.0	0.0	0.995553189154	0.0	2.41233545835	0.0	1.90195616137	0.0	0.541819052946	0.703131633598	0.654559304366	0.330247082747	2.46076306755	5.51618474807	1.25761703895	0.416651639164	5.11250967138	0.0	1.01911039363	0.570628388419	0.375500901345	0.0	0.0	0.0	0.0	0.0	0.0	0.37447312115	0.0	0.0	0.0	0.0	0.0	0.0	0.373451370956	0.0	0.0	0.0	1.11427721171	0.0	0.0	0.36941998019	0.368425700001	0.0	0.0	0.0	0.0
4.92728227098	0.0	6.82618314616	0.0	3.87616498652	0.582273388369	0.0	0.0051473371724	0.225186863788	0.379325254831	0.183820404723	5.20748320013	11.7885534333	0.312732144138	4.49614167227	5.60022418114	0.0	0.0	0.0	0.719630731677	0.0	3.60678966237	0.0	1.85114445319	2.61875600699	0.907038818057	0.983450453274	0.367100209196	0.620703606082	3.43551118343	0.964580444577	0.198269731382	0.620496885987	1.76814361494	0.207406895594	0.295200376058	0.0	0.672416269917	1.92618928778	0.0535311886725	0.114354972706	0.767529953756	0.0	0.0	0.0	0.0	0.0	0.195816290252	0.0	0.0	0.0	0.0	0.0	0.133441221503	0.0	0.112638651915	0.0	0.112436011821	0.336904795279	0.0	0.0	0.0	0.0	0.0	0.0	0.0	0.0	0.0
0.0	0.0	1.11153535455	0.116509318126	2.52012275729	0.0	0.155904197781	0.0	0.0	0.264814542116	0.152579086121	7.96612297433	23.9670239571	1.18072168906	5.81544710133	6.46506172542	0.0	0.0	0.0	0.218296788908	0.0	1.63422441532	0.0	0.776146887221	1.44034121859	0.952669675286	1.65028072332	0.315020347163	2.55168337304	3.02913601124	0.249759424605	0.280191199787	0.0581148649935	1.05341662555	0.126969033345	0.190329004955	0.499506429204	0.568182853466	1.51858035762	0.0999092898449	0.0232890296189	0.46145429022	0.0663347700944	0.122525431128	0.0993917895868	0.0	0.0	0.0791209594735	0.0330913815093	0.00276483827938	0.0	0.0	0.099186169484	0.167868113749	0.164992882315	0.164871442254	0.323701241495	0.065730605793	0.197075828321	0.0	0.0	0.0	0.0	0.0	0.0	0.0	0.0	0.0	0.0
0.0	0.0	2.24956797194	1.90792612808	2.99972962913	0.0	0.0507211368204	0.0	0.0	1.26093742375	0.628514312769	7.66744649601	25.6043782988	1.52569130276	5.58594144723	5.19427762622	0.0829247621034	0.146097633233	0.167428023485	0.0	0.0	0.0	0.0748894657756	1.11528149032	1.51440730792	1.2424434322	0.914381582128	0.148583332097	0.702246679071	1.89873513228	0.0	0.0	0.448344195106	1.79335718043	0.435490800981	0.230048594868	0.155043629145	0.496150673259	1.6096352644	0.0142586434838	0.0348652340666	0.574666837378	0.0	0.0	0.0347271941297	0.0	0.0	0.173556520684	0.0242859989013	0.013866363663	0.0	0.0346480241659	0.013846763672	0.0482962679286	0.517518863494	0.116861446594	0.0657995499296	0.0	0.376833627787	0.0474462583171	0.0	0.0237054891666	0.0341959643724	0.0	0.0	0.0	0.0	0.0	0.0	0.0
1.57629961911	0.0	0.359758470007	0.875153221644	3.53759679172	0.301887781962	0.0	0.0	0.0	0.425151609096	0.63870330878	8.64489020168	26.2383376471	1.90571836489	6.1604365563	6.02023993681	0.0767126706628	0.210921859318	0.0203422128276	0.133245008521	0.0	0.830813715481	0.0	0.798721711023	0.0	0.562484088185	1.06484394801	0.0695791576715	0.067928194442	1.67400273269	0.0	0.0	1.04411194513	2.0302452822	0.338923517111	0.13546801883	0.0	0.398476195389	0.908374126266	0.0	0.0670132883148	0.26791214724	0.0	0.0	0.0669286563031	0.0	0.200701407897	0.0587995101732	0.0	0.0	0.029359924081	0.181348935208	0.133282638526	0.0	1.05152434616	0.377566692482	0.37431986203	0.131355698258	0.636853048523	0.373665951939	0.0	0.0	0.0	0.0	0.0	0.0	0.0	0.0	0.0	0.0	0.0
0.0	0.0	3.00907444514	1.43375042151	4.50411126756	0.0	0.0	0.324827284872	0.0	0.461651766925	1.20533041808	7.9539121193	24.7698003715	1.08533521628	5.57177768358	5.73116408597	0.255803763837	0.255486963833	0.0485945287289	0.0	0.390245765854	1.84780082772	0.0	0.686890810303	0.0234236883514	0.999662414998	1.26568801899	0.0	0.672634090089	0.997077614954	0.0694056250411	0.347847125218	0.0	0.714854890723	0.0	0.133532642003	0.167623202514	0.256863603853	0.276378484146	0.0	0.0471844087078	0.41664816625	0.0	0.113739121706	0.0	0.0	0.272766964092	0.170538482558	0.0	0.188367122825	0.132053041981	0.0	0.149962322249	0.921499213824	1.48132082222	1.31578561974	0.0	0.0803059212046	0.947145614206	0.187737122816	0.0	0.0445640406684	0.0	0.0	0.0	0.0698328730475	0.0	0.0	0.0	0.0	0.0	0.0
0.0	0.0	2.77322699869	0.156322245021	4.53880550717	0.724620838691	0.177287121058	0.0	0.0	0.339383667743	0.728168639712	9.31144468173	26.8175067235	1.33052028319	4.78640697849	5.64250012504	0.183189902759	0.0	0.514491008173	0.0	0.0	2.47212381197	0.0	0.69406375989	1.7600743069	1.1694457368	0.806372832235	0.0198082637048	0.488432190669	1.99542637469	0.0748498415569	0.0	0.335118276514	0.894498457617	0.129673587346	0.0	0.255997933727	0.328169404513	0.211517560917	0.0427754573193	0.0	0.0	0.0	0.0427546523133	0.0427477173114	0.0854749946171	0.0	0.0	0.072541653892	0.0	0.157701215418	0.0	0.187266223932	0.0	1.07696931017	0.64753500649	0.108741561318	0.0	0.681624556308	0.0	0.0	0.0	0.0	0.0	0.152970814056	0.0	0.0	0.0414497769375	0.0	0.0	0.0	0.0	0.0
0.0	0.0	3.30425740568	1.51105871722	4.06073026487	0.488862056739	0.164716699983	0.0	0.0	1.05970284324	1.04296403308	10.2679502326	28.1234210709	1.34946481913	3.68124323451	3.99549922527	0.0360684358936	0.0	0.248968711124	0.0612285991658	0.0	0.719984177031	0.0	1.46628869004	1.89096754781	1.22003134056	0.85033451615	0.0941265771347	0.623456298438	1.2714909718	0.124062555306	0.115878150338	0.345305669601	1.04922443688	0.116750610868	0.0309421567819	0.244459148387	0.485062154433	0.804920688585	0.0350970373039	0.140523865298	0.0	0.0	0.0399020082205	0.0	0.0	0.100265620861	0.0	0.160191597236	0.0	0.0	0.0	0.209339467069	0.0	0.490919257988	0.47527120849	0.515174992711	0.039298241854	0.622914618109	0.200089461454	0.0	0.0195861098888	0.0	0.0	0.0875842331638	0.0	0.0	0.0	0.0144202407531	0.0	0.0	0.0	0.0	0.0
0.312807011761	0.0	2.57765259692	0.551120270722	3.12686261757	0.0275229010349	0.0186317257006	0.230685758674	0.0	0.757567528485	0.887040033353	9.7589253669	29.839651122	1.8775575706	5.16351769414	6.42982524176	0.0611643772998	0.311575511715	0.221773508339	0.307598261566	0.0	0.855217532152	0.0	1.65913506239	1.42582505361	0.990315037238	0.563196771176	0.0688518025889	0.373437014041	1.03427253889	0.0138735755216	0.0	0.113621254272	0.922852534702	0.0731955777521	0.0271971010226	0.185758506985	0.0696293276181	0.248862009357	0.0197106007412	0.0394165514821	0.0	0.0	0.0984907537035	0.0	0.078752252961	0.191282257192	0.0	0.0	0.0267678010065	0.204151507676	0.0	0.0666676525067	0.0	0.502566018896	0.602760772664	1.08730504088	0.0320434512048	0.779130029295	0.133464755018	0.0	0.0	0.0	0.0	0.044469751672	0.0	0.0	0.00630100523692	0.0	0.0	0.0	0.0	0.0	0.0	0.0
0.00666477393797	0.0	4.23564413637	0.91948698477	3.04021605607	0.260835319355	0.134149263674	0.132117781498	0.0	0.778286433545	0.709405279773	9.13551378416	28.8560149048	1.42877113021	5.96338438678	5.82267023608	0.1309990603	0.0960587828789	0.191150084722	0.0	0.0	1.26485415466	0.0	1.19649208144	1.45727876074	1.219421306	1.23640732419	0.0631304556127	0.463783656712	1.22235490915	0.0757627331419	0.244536341898	0.659983186842	0.529156646727	0.0217694633151	0.0345098889601	0.0	0.0904172968369	0.142370192479	0.0	0.0	0.0	0.0	0.0	0.0126710375707	0.0305371367053	0.156269847365	0.0	0.155784206845	0.0643728289433	0.0	0.0	0.125021653898	0.217392912828	0.585255346808	0.743402396184	0.972033441048	0.0295409276383	0.642001567583	0.0559760359503	0.0293925754794	0.0496570851827	0.0	0.049632081156	0.255043353152	0.0	0.0	0.0	0.0586652988306	0.00375346921997	0.0	0.0	0.0	0.0	0.0	0.0
4.52556319933	0.0	3.19508681176	0.568511484718	3.39714267693	0.0747106200707	0.0	0.331270440791	0.0	0.459557165656	0.548673188502	8.26510975613	25.5937429211	1.4090549518	4.86991518082	4.79524051977	0.0600267850677	0.109075979162	0.342149779683	0.407688383257	0.0	1.2805957468	0.0	0.916978349564	1.91578466602	1.18734097057	1.253930625	0.0	0.771994931054	0.903541838584	0.0867690609278	0.1653969052	0.560632838278	1.45858139229	0.0803926857157	0.0498276647306	0.332710341967	0.165018834892	0.219261529231	0.0383705943653	0.0	0.0	0.0	0.0	0.0	0.019158770661	0.0559075127005	0.0552161291353	0.140285644674	0.169899868881	0.0452830440157	0.0635953529848	0.0510363347186	0.0729937496673	0.796072850735	0.9703547932	0.469388533693	0.0282052000558	1.01848753254	0.298709424174	0.0364504437957	0.0	0.0	0.0	0.0836990684183	0.000687731452172	0.0	0.0	0.0138092682881	0.0	0.0815769466835	0.122326149993	0.124934142125	1.94227268767	0.0	0.0	0.0
0.0	0.0	1.27310090924	0.28644887458	4.1992408797	0.23242449297	0.090153216061	0.0617622967049	0.0	0.507539183016	1.01615320646	8.57680543075	31.2444724978	1.50327120131	5.38661975465	6.25744330298	0.0731479612592	0.210717864287	0.763573505429	0.0	0.0	0.210969024387	0.0	1.1790016716	0.717419326967	1.29586131834	0.777523811009	0.0571488288595	1.04042681617	1.82157372863	0.204331221732	0.213472825389	0.390220896088	0.659165003666	0.0793494317398	0.108348283339	0.0	0.1369984748	0.509266883707	0.0206880262752	0.0	0.0	0.0	0.0	0.0	0.0371285608514	0.255303462122	0.145885798354	0.172217828887	0.0970710388284	0.0	0.0	0.0	0.560131484053	1.17714527085	1.15816006327	0.88203215281	0.156618602647	1.26821030728	0.402330400932	0.0148282739313	0.0341962276785	0.0	0.0	0.0171573548629	0.0	0.019340029736	0.0102714341086	0.0	0.0	0.0881868352747	0.0318513127405	0.0329634371854	0.334329973732	0.0	0.0	0.0	0.0
0.891230602583	0.0	2.28528830663	0.0	3.85905521119	0.0	0.0	0.0256151180743	0.0	1.14375410332	0.809781602346	8.75280502536	29.4284480853	1.44311670419	5.85817391699	6.0705970176	0.0762895102213	0.0969187802812	0.02413189307	0.181881700528	0.0	0.0939570702726	0.0	0.735459192133	1.30289960378	1.15445070335	0.739007082143	0.0	0.92022360267	1.36211800395	0.184970600536	0.102803490298	0.529562281536	1.2429307036	0.166248390482	0.0452244981311	0.171403140497	0.228955430664	0.388522791127	0.023093596067	0.0577226931674	0.0	0.0	0.0541065471569	0.0	0.0384793991116	0.295412600856	0.206100730598	0.194371600564	0.140149950406	0.0	0.064149659186	0.17561305051	0.406409971179	1.56882940455	1.70600500495	1.33805460388	0.0	1.8276571053	0.126833710368	0.0315233700914	0.0	0.00387828381125	0.00775202512248	0.0127345630369	0.0	0.0	0.0	0.0	0.0391803661136	0.0	0.0132968850386	0.0518251851503	0.300995530873	0.0	0.0	0.0	0.0	0.0
0.0	0.0	2.08468109008	0.316616965559	3.86944202333	0.379293798333	0.190829699785	0.147192876967	0.0	1.53016080012	0.781075608425	9.25520483952	27.4636143607	2.0613770779	7.09797971154	6.80787555984	0.102158453418	0.224697717494	0.38938500361	0.00614581921365	0.0	0.113431259314	0.0	0.416059417558	0.79858441758	0.612713120388	1.12476058814	0.0952792498216	1.01513653082	1.72891290405	0.16505928631	0.0864232451904	0.489685856057	0.626597927648	0.0856504447864	0.0570429898278	0.0	0.169040088391	0.363201789918	0.00661643545974	0.0278507345631	0.0	0.0	0.0	0.0	0.0	0.257763334785	0.0872952456464	0.118261661839	0.184255296347	0.110732857902	0.0276628144649	0.158360082806	0.392833005412	1.78406493289	1.91032899891	1.36668871464	0.0133638469879	2.12118510917	0.509412266372	0.0	0.0	0.0	0.0143828875208	0.0992816519144	0.0	0.0	0.0	0.0	0.0	0.0162871285166	0.0	0.0	0.138062472193	0.0	0.0	0.0	0.0	0.0	0.0
0.0	0.0	2.28198852429	1.29185270052	3.63698881995	0.274319438878	0.201971864448	0.159732797701	0.0	1.5220546828	0.893543331199	8.55230334147	24.3225161272	1.59150407746	5.8415737502	5.32165909023	0.114590691177	0.208071163978	0.357431102478	0.0	0.0	0.376125901038	0.0	0.707339735535	1.50543348408	0.651588249828	0.95678002633	0.0999005323074	0.809812827645	1.76980126373	0.137357359424	0.141195139128	0.682871257419	1.46936418686	0.123892730461	0.0958788826177	0.0	0.2675275894	0.846903534787	0.0291743347535	0.0469819403824	0.0	0.0	0.192906345146	0.0888764331563	0.104435721958	0.237650741701	0.444174805799	0.421212927567	0.317251055572	0.349954803054	0.0	0.171524776793	0.279528548477	2.21547942941	2.44440971178	2.84227358115	0.135495979567	2.80333688414	0.45415805503	0.0	0.107306361737	0.0	0.0	0.0608879383116	0.0	0.0186298365655	0.0	0.0	0.0	0.0204755834234	0.0	0.0	0.0	0.0	0.0	0.0	0.0	0.0	0.0	0.0
0.0	0.0	1.75461090871	1.03849690922	3.72301215756	0.507049318026	0.169294692597	0.183895608509	0.0	1.05565950441	0.83936816498	8.07860493799	25.4267988805	1.5946289535	5.16595755353	5.50875845755	0.102171971392	0.113969308089	0.0	0.0	0.0	0.446430834999	0.0	0.935070338182	1.24395605169	0.90265574726	1.34129822444	0.0904131746841	1.05611870428	1.74675531091	0.081021225314	0.371127796084	0.936587337756	0.799383336173	0.115190287747	0.213317200271	0.0	0.175797290777	0.773937923298	0.0918694942766	0.076514260576	0.0	0.0	0.16024845513	0.0	0.172904331586	0.607803509815	0.288867879117	0.0763253326289	0.270722924198	0.191366626417	0.0408477145626	0.212778460422	0.739467592949	2.19265478606	2.90291398718	2.25200636944	0.102584431276	3.44627863504	0.820565570244	0.0452971973168	0.0	0.0	0.0	0.29496375741	0.0	0.0	0.0	0.0	0.0	0.0	0.0	0.0	0.0	0.521680573929	0.0	0.0	0.0	0.0	0.0	0.0	0.0
6.38655114252	0.0	1.81242118369	0.750662783244	1.89032498298	0.0	0.0616554704451	0.419355006226	0.0	2.26055477966	0.0546967505077	4.80159975678	21.224427809	0.825057342575	4.51552365936	4.34655226088	0.253203947721	0.504977805455	1.97128318225	0.0	0.108197139026	0.826186972564	0.0	0.374676106628	2.45755527788	1.50522988645	1.34591138789	0.0	0.347329266874	1.41379708728	0.0	0.744255183302	0.0	0.0	0.0	0.201460088186	0.0	0.330454537026	0.560722264954	0.0	0.0	0.0	0.0	0.162120578541	0.0	0.0	0.161187658549	0.0	0.195297338242	0.0	0.0	0.0	0.0	0.0	2.25968327966	2.22222538	3.83479086549	0.341583176926	2.45377047791	0.0	0.0	0.165622348509	0.165418168511	0.0	0.823041272592	0.0	0.0	0.326208257064	0.0	0.0	0.404187586362	0.161629218545	0.161434168548	0.238138617857	0.0	0.278526417493	0.0291242847379	1.75263628423	4.56875155888	0.0	0.0	0.0	0.0
2.5621698422	0.0	1.49107667208	0.0253280342109	2.42342694245	0.0	0.655342431191	0.0	0.0	0.0	0.226427202801	9.03521449631	23.2005646812	1.25849730486	4.04036930502	6.07674916918	0.149315987358	0.0	0.0	0.119915126219	0.0	0.671044562481	0.0	1.805287298	1.96597941354	1.03317554285	1.46692665472	0.136007017789	0.988924311035	1.09212678524	0.0	0.0370603226464	0.592565826055	1.6282319707	0.0652468789125	0.0	0.0	0.218914237399	0.667248599752	0.0	0.0641679821367	0.0	0.0	0.180096969489	0.191869577954	0.510623767139	0.152880949922	0.0	0.0	0.126171450717	0.355172415369	0.0609473358211	0.153746990544	0.291428129537	2.77342159409	3.97194285582	2.83410323772	0.201490104871	4.50232763718	0.910417854587	0.0	0.0400298927815	0.0296441253142	0.0	1.62383876754	0.396668445204	0.0	0.0337231682469	0.148140826513	0.0	0.0	0.0	0.136803338361	0.0	0.390678400898	0.184118892381	0.102408673632	0.0	0.0	0.0	0.0	0.0	0.0	0.0
0.0	0.0	2.30683316149	0.796819301198	2.88611695316	0.289343545685	0.0816065860889	0.0	0.0	1.15540558175	0.614529909416	8.78517942332	22.3268762416	1.36787168872	3.75031238828	4.75046539186	0.160540430832	0.26307853246	0.113297407045	0.427583365288	0.0	1.32328066627	0.0	0.844456725184	2.05101703269	0.964937485843	1.76744838991	0.0345291423854	0.889134447678	2.25547613563	0.378566390608	0.0	0.897472951877	1.74614737919	0.454346478763	0.572279788143	0.0	0.0347772575103	0.843063574482	0.161571481351	0.0807355906504	0.0	0.0	0.334774368559	0.0	0.0309223355694	0.438995471034	0.98860149776	0.0	0.203044702233	0.0	0.167126234148	0.200229500816	1.47411324222	1.74267937744	1.68663034922	4.60763131994	0.187142894227	4.51234627196	0.799705902652	0.0	0.0188150994734	0.0	0.0	0.312931907561	0.17215568668	0.0	0.0847101076516	0.00403006452914	0.11602930842	0.137849669408	0.0649704627126	0.0	0.313379007786	0.219183660359	0.0	0.107438354095	0.501125402317	0.185643493471	0.0126934813912	0.0	0.0	0.0	0.0	0.0
0.0	0.0	1.71286257569	0.0	3.66985343344	0.814169153643	0.0825671657508	0.012433884179	0.0	0.376766126631	0.497879967337	7.40277068807	27.2362091541	1.70932797451	4.87252083766	7.22346062781	0.130592763892	0.198323806657	0.0	0.145447548885	0.0	0.345056195974	0.0	0.313545785383	1.02464734439	1.28919203329	1.42772947986	0.0	1.6140915425	2.23092674982	0.0660414001965	0.319661247438	0.396764573352	0.542532042345	0.0489779624615	0.233152098362	0.0	0.0	0.46069527484	0.104637955169	0.0348659597184	0.0131998864365	0.0	0.0335538572774	0.0	0.131875024324	0.288979017126	0.323075448585	0.149959970401	0.00284212035524	0.0811968412903	0.109662936858	0.189292083621	1.33797124969	2.16954852919	3.16280586302	2.83940275432	0.0393545592271	4.15321659589	1.12559417831	0.0104250095038	0.0	0.0104674935181	0.0	0.0	0.0	0.0	0.0	0.0	0.0906509104681	0.491443725174	0.0392131751796	0.0	0.135469825531	0.498217947451	0.0945785317882	0.270688530979	0.42439638264	0.384938709378	0.860275489141	0.0	0.0	0.0	0.0	0.0	0.0
1.40316185725	0.0	1.242794785	0.430138365586	3.51689609157	0.0	0.107482391405	0.113418400379	0.0	0.31208199601	0.676464902972	9.19468040929	25.8657045252	0.879082647915	5.66411662011	5.14329121021	0.218360392224	0.0848930193135	0.445695702895	0.186051207813	0.0	0.0	0.0	0.899545044374	1.72223430205	1.2572019825	1.59692822373	0.0758791248729	2.5566511577	3.12663155909	0.076982371682	0.199484875489	0.24647095736	0.342163110806	0.333543152297	0.167622001001	0.0	0.0	0.768357767074	0.0840142324655	0.0	0.124457828468	0.0	0.260765924888	0.167332291052	0.0524115749328	0.616122583411	0.0	0.106039931655	0.129329827626	0.0	0.35323298889	0.146594974639	0.860277601172	2.41263138262	3.69432386088	2.79907661576	0.0370036165984	4.20223847301	0.812030889518	0.045063382204	0.0	0.0	0.0323690404002	0.109514711054	0.183645658229	0.0271246813074	0.0	0.027080659315	0.098643192935	0.0101637732416	0.0	0.0	0.325190283742	0.0442936933372	0.0	0.0355067818574	0.13277415703	0.0929725339154	0.123762698589	0.0	0.0	0.0	0.0	0.0	0.0	0.0
0.0	0.0	0.0	0.0	3.5985032833	0.144636739039	0.0	0.150606656522	0.0	0.370992883634	0.856255479106	8.70727073006	25.8308051128	1.67680409326	6.59949561844	6.92538588108	0.00708506181379	0.127974826061	0.893243623518	0.656974283098	0.0	2.18890227743	0.0	0.45242980931	0.82362157286	1.00968517444	1.80896243756	0.0546281769753	0.897678821644	3.27206742089	0.370520323833	0.0	0.322943143886	0.330360660759	0.173967126677	0.126569466654	0.0	0.0	0.934339606191	0.0	0.031026410923	0.0	0.0	0.0	0.0	0.185434401843	0.462288445155	0.0	0.13751666204	0.456263967694	0.418819983476	0.207136952696	0.239033419252	0.494156751722	2.861362794	3.49490092697	0.622560137603	0.000398497272041	4.63902364475	1.36535462453	0.0427078779995	0.0	0.0	0.0	0.0	0.0	0.0573319758357	0.0	0.0	0.0318245705866	0.0187260401074	0.0	0.0312912908114	0.0	0.147326017905	0.113533152148	0.0567100800978	0.182799682953	0.0	0.0668237398352	0.310809709	0.0	0.0	2.01212795193	0.0	0.0	0.0	0.0
1.34540452905	0.0	2.05129045416	0.0	3.76012659911	0.227573072573	0.0	0.0	0.0	1.00701752114	0.882569671452	8.17650380749	24.2384457296	1.1241860585	4.22325604679	5.59687358484	0.0	0.0	0.151456688299	0.162209671729	0.0	0.0	0.0	1.60291721117	0.262360513667	1.1091272537	2.96469774544	0.172729475083	0.593676469323	3.20182052106	0.173960345476	0.0	0.253104510715	0.00732577923619	0.128419030952	0.0193215501616	0.0	0.36917656773	0.601490671815	0.0	0.0267499375306	0.0	0.0	0.104848263436	0.0592147448836	0.0718812289229	0.442073820978	0.183639988563	0.254006971002	0.467407679056	0.0	0.0536138840974	0.26092672321	1.62414371794	2.20216330227	4.16935762961	4.14407272154	0.0542791593096	5.79728384875	1.70173394269	0.0328456384745	0.0361589315311	0.0	0.0	0.0351672042148	0.0512129303318	0.0119460288096	0.0	0.0889015053507	0.0958468005653	0.569117801491	0.060846827404	0.0767645714803	0.264338984298	0.164258452382	0.0322121362725	0.092350879451	0.300887735953	0.211448937431	0.0513602253788	0.0	0.122494299063	0.0996969417935	0.57770452423	0.0	0.0	0.0	0.0	0.0
0.0	0.0	3.81780001527	0.0	4.3772040175	0.0	0.0950121003798	0.386002801544	0.0	0.173770200695	0.284842801139	5.46827402187	20.3922900815	1.66047300664	4.28828401715	5.54681702219	0.0	0.373698001495	0.0	0.490808701963	0.0	1.83233700733	0.0	2.87155801148	1.41002100564	0.830610003323	2.8258560113	0.183556800734	0.796722303187	2.83606201134	0.15994080064	0.734228102937	0.908190003636	0.456966001828	0.21249630085	0.366064201464	0.0	0.113851800455	0.565782302264	0.0565262102261	0.169477200678	0.0	0.0	0.0	0.0938682003753	0.26246880105	0.578080802312	0.0	0.165338100661	0.403147801613	0.447284701789	0.138262500554	0.141872400568	0.595690202383	2.10718800843	4.06307701625	4.15200601661	0.417064501669	5.7767400231	2.0990340084	0.0439516801758	0.197922600792	0.0	0.0	0.201978000808	0.0	0.0	0.0	0.0	0.173251800693	0.346471201386	0.0	0.0	0.0	0.0866858403468	0.0	0.0	0.236178900945	0.0	0.0856460703425	0.171176400685	0.0	0.042750540171	0.0	1.10428200442	1.18305900473	0.0	0.0	0.0	0.0
0.0	0.0	0.440968585867	0.63026673258	3.48365191935	0.325051908498	0.10792232962	0.0	0.0	1.15707377428	0.826790277258	8.85823780641	26.4579695521	0.707498410839	5.75647637955	5.94678462598	0.00363016187811	0.0	0.0	0.250564789466	0.0	0.844591692247	0.0	2.06209581952	1.00347491752	0.916096742115	1.460049089	0.0646043398139	1.32734382635	2.66020225115	0.0687330086517	0.08142077108	0.357887429255	0.0	0.168748532497	0.664962292813	0.0598439491539	0.0	0.483344543939	0.0593093243044	0.118561136625	0.118483786647	0.0	0.292484837666	0.0666376432415	0.0775442631713	0.291151688041	0.349374381651	0.213424059921	0.181093589022	0.0	0.368054856393	0.183709838286	0.324932698531	3.80854912789	5.69238509759	2.5158034918	0.155817436137	6.67968021967	1.22879995409	0.0	0.0160431134839	0.0	0.0	0.0	0.0	0.0	0.0	0.0956919330631	0.0	0.0	0.0	0.0	0.0	0.191670516045	0.00897501807353	0.0315054651312	0.128267193893	0.169615762253	0.0200682243508	0.393523019223	0.0	0.0212791610099	0.0212767040107	0.0	0.0	0.0	0.0	0.0	0.0	0.0
0.0	0.0	2.17181705068	0.0	3.37287741051	0.0	0.022343218694	0.0170533091091	0.0	0.445269093403	0.97381109175	9.26835877684	24.5848913656	1.9883137957	6.00777659993	7.22762336539	0.0	0.0	0.395875198605	0.296706528893	0.0	0.10967875286	0.0	0.0	0.825044287183	1.09301552746	1.73486291976	0.0673490801778	0.404870961299	3.19313695666	0.433047809741	0.0	0.637620911032	0.0	0.213136463855	0.541934442363	0.0	0.569806770714	0.882455984384	0.0764254348971	0.0382012634451	0.0	0.0	0.0	0.0	0.0616750704778	0.620148265797	0.0	0.366138029695	0.163099488865	0.0	0.2206280261	0.473115661745	1.85694695634	2.80814444132	6.27496307998	0.71415113396	0.153720086054	7.80900833958	1.6605544975	0.0	0.143811683086	0.0	0.0	0.0	0.0	0.0	0.0	0.0	0.0472273861493	0.0	0.0433769089957	0.0	0.065043375487	0.281592764365	0.0588873776427	0.0	0.0800123319717	0.095387468578	0.0	0.295634728572	0.0	0.0382806594689	0.0056859145035	0.0	0.0	0.0694619528108	0.0	0.0	0.0	0.0	0.0
0.0	0.0	0.0	0.0	3.5348001146	0.0	0.244750911782	0.0	0.0	0.848145195485	0.778729989307	8.31972494046	26.3797313478	1.71518985265	6.49906377841	7.32646625205	0.259628123107	0.0609027294203	0.0	0.0870712577493	0.0	0.6280950859	0.0	2.19154519505	0.796979380931	1.26392591249	1.17343690444	0.16270165448	0.540977328147	3.02223986898	0.469537511789	0.0	0.919826811864	0.0	0.424199077753	0.489427423559	0.0	0.223026109849	1.20581020731	0.0299231246631	0.119650090648	0.0961926985616	0.0	0.0	0.0593247982799	0.158081414069	0.465120941396	0.0	0.68708127115	0.137289402218	0.0	0.209068668607	0.600533603447	0.0	3.32674979608	5.51158969053	0.0	0.0	7.56698287346	1.74534975534	0.0	0.256128532795	0.0	0.0	0.0	0.0	0.0	0.0	0.0	0.0819676032951	0.426796567985	0.0	0.117272080437	0.0914097081355	0.352099891337	0.0	0.0961257385551	0.283543075236	0.0	0.0	0.550620499005	0.0	0.133901411917	0.0850097265658	0.029988596669	0.0701141012401	0.146151373008	0.0	0.0	0.0	0.0	0.0	0.0
0.0	0.0	1.36423137545	0.0	3.35955993953	0.16998207694	0.17833679679	0.101918558165	0.0	0.605397589103	0.893193623922	8.35237924966	23.8422535708	1.49261657313	6.2164172881	6.83467407697	0.12276493779	0.36277607347	0.708531567246	0.640735008467	0.0	0.0	0.0	0.403387832739	0.0	0.955368982807	1.40655957469	0.0	0.611301728996	3.64061993447	0.584370729481	0.214519276138	1.00081798199	0.0	0.59218306934	0.373097273285	0.635990828552	0.23559125576	1.08404558049	0.0575860909635	0.0744537326598	0.084391318481	0.0304092814526	0.275976475032	0.0	0.423597832376	0.406764312678	0.695097087489	0.0422923852387	0.0543568150216	0.415413252522	0.0	0.869361804352	0.228998095878	3.84366933082	6.66198668008	1.59723857125	0.268141575173	6.88729527603	1.37863217518	0.0102458118156	0.144313497403	0.0	0.0	0.0	0.0	0.0	0.0	0.00635844188555	0.4555578318	0.21331701616	0.0	0.06166371689	0.507791750859	0.428109832294	0.083939460489	0.0	0.0279267414973	0.031609285431	0.0	0.373135813284	0.0	0.0	0.0	0.0	0.0	0.0610935129003	0.0	0.246716155559	0.0689366847591	0.0	0.0	0.0	0.0
0.0	0.0	1.97751083222	0.0	3.09208901947	0.759950727671	0.0	0.0	0.0	0.928455105981	0.886564848943	8.48968592626	23.0698988757	1.05884167789	5.43857041368	6.84367764974	0.114049419161	0.0	0.518553787117	0.512016836019	0.0	0.0934461956989	0.0	1.24994370999	1.93755382551	1.66278527935	0.650031909205	0.179601330173	1.08922268299	2.7756059663	0.311321702302	0.0	0.616937703646	0.936649807357	0.297552399989	0.847750692422	0.0	0.0	1.57470126455	0.0762809278152	0.207061084786	0.231683188922	0.0	0.423254521107	0.125358221061	0.162345527274	0.648266808909	0.0	0.0763046778192	0.421633820835	0.568455395501	0.408882918693	0.626197355201	0.0	2.89755748679	5.29233688911	3.0981690205	0.0	7.80481181121	1.53794575837	0.0272215895732	0.0	0.0	0.0	0.0	0.0	0.0	0.0	0.267257844899	0.35244055921	0.581384897672	0.0665108411738	0.0	0.404400817939	0.137181923047	0.0	0.0	0.232591389075	0.0	0.0	0.185562581174	0.0	0.0188419231654	0.0	0.0188400231651	0.0376740613293	0.0188341331642	0.0	0.0188262481628	0.0188242531625	0.0940919108074	0.0	0.0	0.0	0.0
0.0	0.0	0.81261821498	0.0	3.00252588992	0.217755919045	0.0	0.113973161372	0.0595917336318	0.817837736875	0.984077157216	6.68326322603	22.7858962713	1.47346613486	5.15738107212	5.80779090823	0.0651739436581	0.180025985349	0.458110246294	0.713541379016	0.0	1.23259244743	0.0	1.32595248132	2.06569994985	1.47993653722	1.76136063937	0.0	0.802991331486	3.13278833721	0.262685855355	0.17019174178	0.610966301781	0.241941207825	0.696527292839	0.521796669412	0.375439816284	0.6881522498	1.19554603399	0.0979737955642	0.181397825847	0.0497646900646	0.0	0.307721391703	0.0154609016124	0.283806823021	0.429266075823	0.100443876461	0.392106382334	0.796629409176	0.393418702811	0.0919068813622	0.123329324769	0.0	3.40775163702	7.57666835033	1.81682945951	0.222918800919	9.42375702083	1.36853809678	0.113256041112	0.138990770454	0.0	0.0	0.0	0.0	0.0	0.0	0.466486249334	0.0537911235262	0.676378805526	0.0	0.0	0.202118473369	0.533081473508	0.0	0.128708206721	0.0	0.0515078586973	0.0	0.417491671549	0.0	0.0218153359189	0.0327180598766	0.0	0.0	0.0	0.0387815180777	0.114943721724	0.0326433718496	0.0	0.0	0.0	0.0	0.0	0.0
0.208595642274	0.0	0.0	0.0	3.25943361682	0.642010180888	0.22090882536	0.0375525894106	0.0	0.460925685508	0.845998322007	7.00714595599	22.6388356733	1.52080518111	7.62976971202	6.36824559588	0.0574534053978	0.151420917946	0.338006284704	0.0	0.0	0.864914296747	0.0	2.09227112432	0.988633947748	1.2553937146	1.45707616515	0.268592097309	0.80578502193	2.78657789831	0.310947157923	0.309838447646	1.09339397401	0.539005855074	0.653976103886	0.345984536703	0.363613321122	0.962308141155	1.41750015522	0.213995633627	0.0186418526716	0.0911756578486	0.0237013739396	0.44281772097	0.337656114617	0.234769158833	0.647586712285	0.421310875581	0.2102950827	0.804824721689	0.0611554113255	0.228315747215	0.0650587893038	0.0	3.23080890964	8.21297265818	0.0	0.376608414378	8.38802860204	2.08563632267	0.0	0.0325761971636	0.0	0.0	0.0	0.0	0.0	0.0	0.507177237099	0.368114122249	0.305841076644	0.0	0.0	0.1919417081	0.309946117673	0.0	0.171444632964	0.169530822484	0.0857911864993	0.0633690488803	0.671655328317	0.0	0.0257129604437	0.0	0.0	0.00925704211981	0.0	0.0	0.0313417748543	0.025670377433	0.0323510601072	0.0	0.0	0.0	0.0	0.0	0.0
0.0	0.0	1.85515113756	0.0	3.95160784911	0.33442426112	0.0	0.290267389283	0.0	0.634079077171	0.79890441601	7.20424979426	22.0725559143	1.79052009096	6.9974990452	5.99294932092	0.0320636631179	0.0591874366741	0.0666339720431	0.367729585133	0.0	0.275724178797	0.0	1.00157052213	1.865460745	1.27589231992	1.75651406644	0.129138613109	0.828845397597	3.40376785412	0.369214286203	0.247562878493	1.23173348808	0.21384301418	0.572218492569	0.593715788069	0.0	0.369397546336	1.89362596531	0.165748499505	0.170584802992	0.0208796990543	0.0	0.128342852536	0.0127128631659	0.184574313078	0.674792226525	0.226424263252	0.539970589319	0.598108151236	0.0	0.367483604956	0.113658521948	0.0	3.09710603302	8.16083828397	0.0	0.427297948082	9.8883051295	1.12616781197	0.15164922934	0.0	0.0	0.0	0.0	0.0	0.0	0.0	0.241984714471	0.436523674734	0.400343028647	0.0309492063144	0.104906135637	0.310514203881	0.468950918114	0.103829114861	0.217665996937	0.0188013135558	0.0232211167424	0.0	0.839277505119	0.0	0.0	0.0172453664339	0.0	0.0	0.0344578048441	0.0	0.0409801015466	0.0237494351233	0.0151362089132	0.140771221496	0.0	0.0	0.0	0.0	0.0	0.0
2.09316791456	0.0	0.0	0.0	4.13060870211	0.986237488029	0.148514921985	0.0728618573162	0.0	0.360895764926	0.752690434829	6.3587730821	21.7650615495	1.4198487882	7.27147432448	6.55888187909	0.0336097242906	0.0	0.509198826809	0.296705123813	0.0	0.0	0.0	0.671583655517	0.415685361483	0.926887949263	0.996128582823	0.122176949219	0.943380367256	3.80112664241	0.290690870898	0.25446675334	1.28111012096	1.0379561031	0.465436845597	0.440027493282	0.0705126851775	0.708515623417	1.96724975353	0.21466972405	0.135927065884	0.125568690863	0.0270943331326	0.0	0.179489066998	0.082723252096	1.04335160571	0.0	0.240812666722	0.509849257124	0.918243265072	0.582688542429	0.121108738701	0.0	3.65639847226	8.45541589834	0.0	0.310013700263	8.56740475262	1.49524722475	0.0251507641906	0.0	0.0	0.0	0.0	0.0	0.0	0.0	0.685093202065	0.659329429577	0.685610972315	0.118891137627	0.296479403703	0.496344660578	0.641711381037	0.0863010148301	0.279846405642	0.00889864901317	0.0322098636121	0.0411706549554	0.629450225094	0.0	0.0281690776536	0.0	0.0	0.0140769158231	0.0255350823769	0.0484250814716	0.0395672501783	0.0140594918147	0.0	0.0633117186872	0.22533499922	0.0	0.0375602222054	0.0	0.0	0.0	0.0
0.0	0.0	0.688716006777	0.0	3.38336003329	0.206990002037	0.176393001736	0.180338001775	0.0	1.35616001334	0.429082004222	6.58273006477	23.3156002294	1.70561001678	5.97395005878	6.48648006383	0.246741002428	0.198699001955	0.188925001859	0.0755217007431	0.0	0.270004002657	0.0	0.903235008888	1.62263001597	1.52988001505	1.13885001121	0.100886000993	0.852184008385	3.69816003639	0.390321003841	0.230973002273	1.2597500124	1.89937001869	0.574905005657	0.721259007097	0.0	0.476854004692	2.12018002086	0.205954002027	0.0280688002762	0.0	0.0455943004486	0.341556003361	0.178617001758	0.096039800945	0.533096005246	0.0	0.139649001374	0.533387005249	0.0	0.174723001719	0.250280002463	0.0	2.6215200258	8.55851008422	0.0	0.367117003612	9.88136009723	1.2905200127	0.114320001125	0.0	0.0	0.0	0.0	0.0	0.0	0.0	0.777301007649	0.630701006206	0.649105006387	0.0	0.256872002528	0.739088007273	0.713355007019	0.12908200127	0.149653001473	0.024590600242	0.0	0.0642390006321	0.683633006727	0.0	0.00517144005089	0.041771300411	0.138536001363	0.00727322007157	0.0	0.0	0.0769154007568	0.0	0.0	0.215814002124	0.244464002406	0.10674000105	0.000645456006351	0.0	0.0	0.0	0.0	0.0
1.46842799284	0.0	0.0	0.0	3.56492409766	0.327502397676	0.0229455698247	0.0	0.0	0.580122431612	0.640824404111	5.91384934655	21.5470236887	0.904527161201	6.35544127374	6.5204549718	0.0	0.285077373885	0.192869480849	0.108825412769	0.0	1.13108820123	0.0	1.97913417733	0.0141257502734	1.35502526289	2.01249445672	0.145058130386	0.654749265509	3.14769335542	0.468572040526	0.674019043604	1.08147703188	0.99653608436	0.716429927404	0.756934942381	0.138632514356	0.838623691915	1.64354168466	0.0936947131173	0.0682649488272	0.0329432506483	0.0340582899595	0.208347721287	0.239330462146	0.368392222415	0.312907906692	0.26787708451	0.0436325790446	0.00225951000412	0.0	0.0	0.366057103857	0.0	2.88377041846	8.55122031723	0.0	0.209357720663	12.2235174485	1.32340218243	0.225190470882	0.0	0.0	0.0	0.0	0.0	0.0	0.0	1.08572912926	0.708142882524	0.602159607998	0.0895719966642	0.131931168496	1.18938536522	0.965931083267	0.165344977854	0.355534930357	0.191028251987	0.0	0.0953359621034	0.975559407319	0.200749495981	0.0	0.0663184780298	0.0	0.013330072765	0.0165575257711	0.0762874748711	0.0729777069158	0.0	0.0	0.0	0.257701340798	0.095695925881	0.00340031439935	0.0	0.000151386786476	0.0	0.0	0.0	0.0
2.45066189122	0.0	0.0	0.0	3.7095559326	0.160199139815	0.2579375675	0.0	0.0	0.0173494838139	1.19083964996	6.34859140008	21.8206532506	1.23763724406	6.33443380186	6.00139364382	0.0	0.330359598375	0.0425519466385	0.185697096602	0.0	0.0	0.0	1.00696733312	0.324157999156	1.1896564501	0.98976197529	0.15904551996	0.574778087578	3.8222455184	0.771785962755	0.21777813256	0.607167163497	0.208430853738	0.604060243889	1.08702406303	0.0	0.964258918504	2.07483273857	0.204328414254	0.034031581712	0.0	0.0339723197195	0.310108520926	0.425219586422	0.471261360621	0.700702171712	0.367648753677	0.0363109754248	0.344796676555	0.208323753751	0.641493219172	0.676376194777	0.0	2.89339283543	9.96118614489	0.0	0.374374632829	9.99001134126	1.67417678905	0.141112902219	0.0	0.0	0.0	0.0	0.0	0.0	0.0	0.754973304874	1.14421545583	0.790650860378	0.107601826442	0.335938997672	0.539686012	1.00982639276	0.344141836638	0.441478384373	0.316727300092	0.0526284233688	0.148170281331	0.91317732494	0.0	0.0	0.0406068068836	0.0609502963202	0.0650290718063	0.0159819699863	0.0170404238529	0.191600855859	0.095721887939	0.0318957019811	0.0357413054966	0.207822933815	0.0560968309318	0.040174632938	0.0	0.0634801000015	0.0	0.0	0.0	0.0	0.0
0.0	0.0	0.0	0.0	4.92289349231	0.842442870655	0.0	0.250794607909	0.0	0.653097010183	0.72720548297	6.38911855392	22.9524085719	1.49689845034	6.01695909057	6.15001444171	0.101964194559	0.341848634473	0.0865720862107	0.0	0.0	0.360941737463	0.0	1.09376689837	1.32421901375	1.55967692729	2.16273140585	0.0786485051202	0.270797200563	2.98643240338	0.0517059810136	0.14305664747	0.340636324918	0.239476972064	0.207280213887	1.06096141041	0.107859500394	1.20638705702	3.22540261563	0.396446854425	0.206761094078	0.322383701621	0.0	0.394081975293	0.0	0.159821951314	0.0658703298124	0.0	0.204672254844	0.348134722165	0.0	0.0	0.5650856025	0.0	3.84127028949	9.57292978482	0.0	0.338497015704	9.00606949297	0.698052373675	0.111767318959	0.0	0.0	0.0	0.0	0.0	0.0	0.0	1.38471089153	1.07229140625	0.810118392525	0.0608596906523	0.569156161006	0.720832875311	0.749670804721	0.311549135599	0.672197323169	0.759649441056	0.168529568116	0.00213618831559	1.39462978789	0.0	0.0	0.0632145787876	0.0160147431194	0.0	0.038899789716	0.0	0.00399892203159	0.0348697101959	0.0	0.220816468916	0.292497232595	0.017355596627	0.0	0.0	0.0346406382799	0.017317589641	0.0	0.0	0.0	0.0	0.0
2.40001995401	0.0	0.0	0.0	2.68771534029	0.0605092151797	0.0684810283414	0.0	0.0	0.807293242723	0.357638551571	6.53746503301	21.9447422092	1.7941363617	6.10256795142	5.59037801977	0.0690564607141	0.240924475999	0.7264872704	0.0	0.0	1.45802894407	0.0	0.874883926487	0.0	1.24847920839	1.66097467548	0.0811866125684	1.52263378591	3.20933807804	0.258143767148	0.495474000819	0.431260199241	0.0	0.577980374242	0.749288245164	0.402035140318	1.55296020554	2.45819759168	0.304374917083	0.243102237409	0.185457080084	0.0	0.0	0.214474138872	0.206952854002	1.10924391823	0.0	0.302483155858	0.628547286984	0.0	0.0	0.0	0.0	2.46273199462	8.10866685036	0.0	0.455822935146	9.23510197973	1.01330385611	0.116952235727	0.0321586928228	0.0	0.0	0.0	0.0	0.0	0.0	1.423937722	1.19833037592	0.746368963273	0.0	0.165155226938	0.792097792883	1.00872889315	0.335468857216	0.356394710766	0.437132043043	0.113539993518	0.100541441101	0.973932550622	0.0	0.0597950467173	0.0768490817597	0.205751653224	0.0133925046716	0.0230818789455	0.104172707452	0.0482912872686	0.019298876496	0.0133541286468	0.177847395156	0.391956493792	0.0	0.0153360579301	0.0	0.0360592153483	0.0265167931697	0.00952729016892	0.0927611960629	4.04672582026	0.0	0.0	0.0
0.0	0.0	0.0	0.0	2.88764766734	0.823975090421	0.0	0.206720897773	0.0	0.561549579774	0.833459742613	8.0769903666	23.0819453342	2.3028920322	6.74949605981	5.52861877766	0.408287344355	0.0	0.545079275967	0.0	0.0	0.0	0.0	0.922725513241	1.30987530272	1.23788728607	1.19978277727	0.0944771318337	1.27628579494	3.23248874703	0.508667367553	0.271294862697	0.134601631106	0.1492848345	0.983500577287	1.16246576864	1.08246625016	1.08582625094	2.73826413281	0.146672433896	0.488072662793	0.0	0.0972062924643	0.172818489939	0.158807286701	0.46979845857	0.359861333164	0.0	0.457871505814	0.0	0.0	0.0	0.394283491119	0.0	2.41094755717	9.32246915442	0.0	0.536492373983	10.194830356	0.00239510305351	0.344607979639	0.467693208084	0.0	0.0	0.0	0.0	0.0	0.0	1.16083826826	0.973683075018	0.583966034954	0.00901754908396	0.364944384339	1.25692379047	0.803151485609	0.190034293917	0.422573647656	0.454233254974	0.0	0.0798097834441	1.38591632028	0.204042347154	0.0833295942574	0.0	0.0412340345292	0.0	0.0872290851586	0.0193053044615	0.0273626913235	0.0	0.065287755088	0.0626670594823	0.313440822436	0.15175233507	0.10419887408	0.0	0.0822833740157	0.0215907349896	0.0431739099775	0.0215831749879	0.565042930581	0.0	0.0	0.0	0.0
0.0	0.0	0.244783673219	0.0	5.71521244169	0.0	0.284969332106	0.0	0.866736535991	0.154457895722	0.430129968086	6.14577382976	22.1901453853	2.11087334153	5.85383923785	7.20266800049	0.186235634841	0.0	1.02384549164	0.435932407924	0.0	0.0	0.0	1.61567315525	0.0	0.704259740492	0.183672554912	0.0	3.03099571604	2.07669894247	0.54223980498	0.394032729085	0.911129334761	0.672571041369	0.793262638026	0.686007600997	0.452036987478	1.11296816918	2.72960592439	0.190844514714	0.275809872361	0.0905439254919	0.0	0.346498090402	0.883353095531	0.540005325042	0.499037386177	0.0	0.0	0.160769135547	0.0	0.081298393748	0.49640328625	0.0	1.70904855266	9.12588954721	0.0	0.63790904233	9.83443592759	2.31025933601	0.0	0.445370647664	0.0	0.0	0.0	0.0	0.0	0.0	1.1371679685	1.18441216719	0.818211857335	0.0993056732492	0.179679535023	2.09720994191	0.846472516553	0.0	0.450101427532	0.514331065753	0.0644065522159	0.0428756208124	1.28976556428	0.0	0.0	0.0830354156999	0.0	0.0	0.0	0.0695000640748	0.0418274928414	0.0	0.0	0.0693470000791	0.261847552746	0.137420516194	0.11699643676	0.0281367452206	0.0273784212416	0.0273736512418	0.0	0.0273688812419	0.0	0.00759433798963	0.0	0.0	0.0	0.0
0.0	0.0	0.115084932141	0.0	3.34277665266	0.0	0.0	0.0992477534706	0.0	1.4473998527	0.595432592819	5.93611452626	21.0366302194	1.44248855219	7.88809433219	4.95747102302	0.0464116828964	0.33999467587	0.226708413918	0.0	0.0	0.0	0.0	1.73375328291	1.31398153863	0.794202233788	2.13101222482	0.063554903705	3.18266183577	2.34448794734	0.328005324605	0.0	0.283205489879	0.0	0.920257877088	1.09392531541	1.13991392026	2.38864685201	3.14997333232	0.404449342669	0.347968316711	0.135414934287	0.0	0.0429747355338	0.190656900114	0.141269974904	0.473016019903	0.0	0.163702527271	0.456745598186	0.0	0.0	0.0	0.0	2.63434027792	9.7962790335	0.0	0.436534366054	10.7838891377	1.14273872056	0.039687267187	0.0	0.0	0.0	0.0	0.0	0.0	0.0	1.08061451401	1.89648960008	0.487555181437	0.105350820115	0.223916783623	1.184768325	1.84092449422	0.268259728302	0.691200812922	0.557400508806	0.0220805223295	0.170869388026	1.71391548082	0.0	0.0557321328798	0.125333393223	0.0	0.0	0.0106867652275	0.0197510250837	0.134020724139	0.0538848846848	0.0277454239271	0.101931741754	0.477289600354	0.0104652645041	0.0125710033263	0.0346689666576	0.0241460505475	0.0	0.0549418307964	0.0274644418975	0.0549161507936	0.0	0.0	0.0	0.0	0.0	0.0
2.06341629124	0.0	0.0	0.0	2.45875042368	0.14981873019	0.169350536732	0.0	0.0	0.0	0.402295814769	5.75721192866	22.6306515813	1.26144042258	6.52528658597	6.13381885483	0.296792739426	0.241179200795	0.0	0.902545502352	0.0	0.0641487814898	0.0	0.772755378873	1.15182038586	1.3629928566	1.58184412991	0.0807928830657	1.12855717806	1.78310219734	0.259296206864	0.105598115375	0.50501464918	0.0	0.708426237322	1.36982925889	0.0868027610789	2.13070031378	3.03749021755	0.315975705852	0.315437865672	0.0129270643306	0.0698005313832	0.591263478073	0.0	0.498196606896	0.745482129737	0.0	0.0700691274732	0.886822857085	0.0	0.0	0.0	0.0	2.94201818558	9.68141484327	0.0	0.427429583189	10.9543356697	0.0	0.0	0.0	0.0	0.0	0.0	0.0	0.0	0.0	1.93882744951	1.79669940189	0.97218068568	0.0325190268939	0.236252239145	1.8844926313	2.00623027208	0.383043728319	0.550129504293	0.705506996345	0.278950053448	0.0	2.09996350349	0.0417938540009	0.0824065116062	0.0818902714332	0.118762239785	0.0553777745516	0.0687271190235	0.120637120414	0.219476593524	0.0822733475616	0.0132875684513	0.319058026884	0.600277161093	0.0268096049812	0.092901523122	0.0	0.0544829942518	0.0261004767437	0.0952788199184	0.160876853894	0.221882834331	0.0	0.0	0.0	0.0	0.0	0.0	0.0
1.9793949491	0.0	1.23717089315	0.0	2.53641724081	0.0360312315891	0.131206473826	0.0	0.0	0.323179313109	0.583201892513	8.98269431568	22.4064595761	1.25676907879	5.32068939994	6.00021670184	0.0720879691595	0.0	0.186699423149	0.184117215042	0.0	0.0	0.0	0.186624213204	1.61647971512	1.07506403198	0.526294124226	0.0	1.62103591178	2.52444904958	0.272602260182	0.0556458762115	1.28701655662	0.0	0.814241393161	0.809215406845	0.108971035124	1.79728878258	2.64946105795	0.301824048763	0.103414437197	0.0815090502538	0.0514049073202	0.437873389039	0.200539143005	0.264409826187	0.390075834074	0.0	0.550387466566	0.731632533713	0.110351519112	0.501204522617	0.0	0.0	2.5430989359	9.17293187624	0.0	0.501115142683	11.7499733873	0.954809870124	0.0900653259821	0.0	0.0	0.0	0.0	0.0	0.0	0.0	1.79230748623	1.32153683132	1.04153129656	0.0284099571756	0.459736593013	2.13763013311	1.36076590256	0.341449879717	0.694030831275	0.450635099684	0.0366538391327	0.192007719258	1.43596494744	0.255335582839	0.0793251278547	0.0	0.0240079954022	0.0594147664489	0.0567759873833	0.145093063647	0.130338834461	0.0	0.0	0.23613960691	0.818733279869	0.039141871309	0.103528996113	0.0144927383769	0.0584427051615	0.0167076167533	0.019472072727	0.0584029201907	0.0389241984686	0.0527943293017	0.182921485918	0.0	0.0	0.0	0.0	0.0	0.0
0.0	0.0	1.28789133529	0.0	3.4551008995	0.387437700866	0.0479952124951	0.0	0.0	0.323573884239	0.833183116911	6.85152778373	21.2963355443	1.51484339437	6.65373673224	6.31963364525	0.0449928717135	0.0	0.180005146862	0.31059168086	0.0	1.30043133856	0.0	0.860773324094	0.650514869355	1.11323328982	1.76259645888	0.0904275035419	0.630313364096	4.45434115964	0.409094506504	0.345646489985	0.364900894998	0.0423151410163	0.877454828437	0.655867470749	0.574796349643	1.02382526654	2.92783776223	0.318536982928	0.281762873355	0.22463215848	0.0143212337283	0.611001759068	0.346118390109	0.342688589215	0.493253328414	0.0	0.44507001587	0.239364462316	0.0	0.0	0.477397924286	0.0	2.40962762732	10.4915167314	0.0	0.486691826706	11.1041728909	0.850636821455	0.176272845891	0.0	0.0	0.0	0.0	0.0	0.0	0.0	1.44518037623	1.65151842996	1.16460330319	0.141904436943	0.463348720628	1.40484336574	1.32885534595	0.296674477236	0.691617480056	0.582526051655	0.234817061133	0.116801330408	1.51932039554	0.0	0.0236751961636	0.029054417564	0.151576739461	0.023603916145	0.0	0.154310240173	0.146554138154	0.0416757108499	0.0	0.317504082659	0.656714470969	0.0307140979961	0.214437355826	0.106177417642	0.0409609306637	0.00074260579333	0.0	0.0	0.00521000835638	0.020834115424	0.0241777862944	0.0219352157107	0.0178447546457	0.026000596769	0.0	0.0	0.0	0.0
1.30831381306	0.0	1.30730371213	0.0	2.33303346319	0.230228643469	0.0	0.0	0.0	0.0	0.573272241538	3.91118852646	18.3575300211	1.60217548554	5.09579272481	6.98847767971	0.00125028295926	0.444675292303	0.11694415843	0.0	0.0	0.643147916326	0.0	0.991560589375	1.31874782274	1.5902762745	1.18941050282	0.180752567593	1.52692851577	3.61185454891	0.0	0.151487390459	0.503588596927	1.10934723859	1.40939050679	0.986187074392	0.0	1.63566421659	2.65103765804	0.471910277555	0.235480058337	0.207711162589	0.156323664944	0.862021249267	0.0	0.91514145852	0.821936892099	0.0	0.229423892722	0.758826673585	0.0	0.177962025006	0.769238483238	0.0	3.62830476417	11.7219438686	0.0	0.70922072759	10.7035512243	1.54821833551	0.0996081623567	0.0	0.0	0.0	0.0	0.0	0.0	0.0	1.54038172824	1.68519246251	1.29607050172	0.239109761703	0.440899068802	2.31295354458	1.66104994013	0.410259710393	1.00669878341	0.82999327957	0.0	0.0140354080136	1.9776666337	0.144675314143	0.0539864540562	0.0582006839636	0.161650559882	0.029049836935	0.0580852438566	0.0537664518522	0.285648774854	0.024619267827	0.0	0.0	0.324655321021	0.0	0.184087010686	0.0	0.0860258567632	0.0	0.0529528210979	0.0286519015661	0.0286472395617	0.0	0.0572803821104	0.114504376168	0.0	0.0528112959667	0.0	0.0	0.0	0.0	0.0
0.142032738215	0.0	0.0	0.0	4.13186860264	0.0	0.0	0.0	0.0	0.349214728091	0.575628229602	5.30567289203	19.7454794107	0.817200924518	7.90894375961	6.92292978852	0.184583759706	0.0	0.612304853647	0.682890582942	0.0	0.445046366405	0.0	0.82089468291	0.933155594077	1.08171904945	1.11484415504	0.0491251946305	0.4328742117	4.47526045326	0.0542764083897	0.0	0.739993758103	0.0	0.368613119653	0.217293345478	0.0	1.41342818515	3.82062073803	0.0459075480302	0.465671157433	0.614202132822	0.0770186704969	0.252592370122	0.442178047652	0.42381565564	1.4915145512	0.0	0.0963794300749	0.479152591569	0.865462823523	0.239890455647	0.557112397657	0.0	1.53942813035	10.949540837	0.0	0.342223691133	10.1721603751	1.165527493	0.194555115368	0.0437665569616	0.0	0.0	0.0	0.0	0.0	0.0	2.45933973019	1.68117526868	2.15570786227	0.171728405298	0.993837167681	1.61062649937	1.89236237682	0.310285785025	1.09019744576	1.20571307552	0.0305967066905	0.0622844049063	2.02121832077	0.215847426106	0.0554858958637	0.0	0.271139562054	0.0276624199668	0.0	0.283648836613	0.138352419817	0.0826372600528	0.0	0.172532564949	0.439052129012	0.0	0.260053806877	0.435433410587	0.0202709831821	0.0	0.0272099401637	0.0272057961655	0.0272015401673	0.0	0.0271973961691	0.0	0.0	0.0	0.0	0.0	0.0	0.0	0.0	0.0
3.68202776495	0.0	0.20560699414	0.0	3.2803464615	0.0	0.0	0.0	0.0	0.551763459468	0.521164173969	6.16083092046	22.335591313	1.34632788191	7.16905133112	6.13243400608	0.123063842332	0.215069618933	0.0	0.125005183315	0.0	0.564522295931	0.0	0.565839876597	0.880515655982	1.1074073409	0.622082265085	0.0489459747912	0.415965640686	4.38100091898	0.257720360535	0.0	0.845493548243	0.0	0.623367075736	0.643168075764	0.0	0.960598796543	2.61624512513	0.242255172702	0.130537666117	0.298119010997	0.0188998245728	0.942971917615	0.208971005844	0.522346154568	0.38896314701	0.0	0.446884716347	1.11113747279	0.0	0.0	0.417921671677	0.0	1.9640539948	9.83249658016	0.0	0.44039512306	10.6082645731	1.31362566536	0.0966211509386	0.0	0.0	0.0	0.0	0.0	0.0	0.0	1.54007778005	1.7336694781	1.58827230446	0.143224182543	0.508796317706	2.35763319414	1.76384049339	0.560688203988	1.09404621413	1.38228450013	0.19002880625	0.239936411528	1.93574748046	0.372540848692	0.0564538115939	0.00737163783373	0.280232231938	0.0383362864174	0.0481167803712	0.288310606029	0.111931980694	0.0128866395271	0.0	0.413733889556	0.523756395282	0.00718624993983	0.106777370083	0.0181617081989	0.0794540692435	0.0223096012998	0.0793889812105	0.0321020732597	0.0240726281928	0.0	0.0	0.0231693057353	0.0160419401253	0.00532464179693	0.0284742064222	0.0	0.0	0.0	0.0	0.0	0.0
0.335213608355	0.0	0.340492948802	0.0	2.62190902179	0.108380151168	0.000157811353349	0.0	0.0	1.36607351556	0.621298912555	2.83821264008	18.8143335916	1.39461911797	6.5516147542	5.56519547076	0.0	0.0567725748024	0.282374603886	0.51283246338	0.0	1.47675612492	0.834411670583	1.78360995088	0.00693748198684	1.45966752347	0.566827427948	0.0	0.910041556981	4.19866595517	0.0725085661335	0.272931983087	0.552624166747	0.0	0.306128785895	0.428350476234	0.018360043553	0.879231914375	3.16312406757	0.390965313071	0.111513327433	0.707913839882	0.0	0.0	0.447633577865	0.569317188158	0.297876325197	0.11892595006	0.48988996144	0.816846549097	0.282201323872	0.364662090847	0.388964612903	0.0	3.22794447305	7.86538506534	0.0	0.255453501609	10.0034666462	1.98295036774	0.138696971733	0.0	0.0	0.0	2.20379118642	0.0	0.284610144076	3.58015890284	2.447101407	3.08963966136	2.34389719827	0.0	0.522492824198	2.45676860782	1.6030453356	0.44106831731	1.40841311914	1.25536810619	0.483886720932	0.292252704722	2.13600678069	0.102073328634	0.0481733260749	0.0	0.0899544436093	0.0320436927106	0.0160191673551	0.14789563251	0.241585400436	0.047890264051	0.0	0.529218824767	0.729437041704	0.0474462340135	0.0994589664132	0.189254836009	0.0471059439846	0.0470907819834	0.0	0.0470605719809	0.0470455239796	0.0171383054497	0.0	0.0	0.047015313977	0.0313351826506	0.046990233975	0.0	0.0	0.0	0.0	0.0	0.0	0.0
0.0	0.0	1.06902116405	0.0	2.60584143734	0.284973333788	0.0	0.0748243744866	0.0	0.0	0.516929389196	5.97919256169	20.706201556	1.46258090356	5.64140319944	5.59259721934	0.0478271004961	0.0790142827779	0.0	0.702339213586	0.0	0.904640231088	0.0	1.32868645817	1.10652264876	1.41020992492	1.1804860186	0.149448189055	0.597828406206	4.09544732988	0.771734785286	0.0	0.623572295707	0.0	1.08496475755	0.900371432828	0.0	0.957711559445	3.20861369153	0.305951625233	0.400364286731	0.278283786516	0.101018603805	0.141233742405	0.27991678585	0.0853875801789	0.398505887489	0.0	0.238062552918	0.319341069773	0.0	0.0	0.153314487478	0.0	2.35414103998	10.1821763477	0.0	0.338373562011	10.0012469215	0.354980705239	0.314304071827	0.0	0.0	0.0	0.0	0.0	0.0	0.0	2.58182944713	3.18494670118	2.24284408537	0.289275482033	1.33680545485	3.28501966037	2.43228350811	0.834000359894	1.59141535102	1.28561897573	0.288985682151	0.219133560637	2.5262384698	0.181442326008	0.033719941249	0.0752558543106	0.217608661259	0.0555243923572	0.0444052768915	0.249618898205	0.370490748914	0.0524258336207	0.0	0.510706741734	0.771793435262	0.0189753372619	0.268590440468	0.174419278871	0.108339960819	0.0433149623361	0.0916114926409	0.0649006835336	0.00790790277516	0.0	0.0727584003291	0.0324156117809	0.0108037165942	0.0324066417845	0.0452439715495	0.0	0.0373362297742	0.0	0.0	0.0	0.0	0.0	0.0
0.0	0.0	0.0	0.0	2.4306871791	0.042550655634	0.120637678963	0.0781503593279	0.0	0.509871035615	0.557814995202	5.07772595633	20.5749198231	1.27417878904	5.93339994897	5.33336675413	0.0666939674264	0.0	0.302060517403	0.0	0.0	0.791512073193	0.0	2.20401158105	0.462178796026	1.08036135071	0.952426111809	0.126689398911	0.8603731526	4.24195756352	0.481214395861	0.185352918406	0.495893035736	0.0	0.700717713974	0.866485192548	0.0	1.53664038679	2.96911277447	0.311952997317	0.382612076709	0.276571837622	0.0138694238808	0.529211715449	0.411790716459	0.450523116126	0.383978556697	0.0	0.332250677143	0.156057118658	0.0	0.230120798021	0.450538196126	0.0	2.51591237837	9.66593191687	0.0	0.395953236594	9.86329431518	0.436579916245	0.11158840304	0.0	0.0	0.0	0.0	0.0	0.0	0.0	2.81954237576	3.37280437099	2.51911397833	0.29642987745	1.12278835034	3.40110837074	2.9653195745	0.897520992281	1.84298478415	1.55118678666	0.377457036754	0.310399757331	3.27369397185	0.403075636534	0.0580422235009	0.111910999038	0.281739637577	0.0182697678429	0.0131165838872	0.188258718381	0.300772917413	0.0648245114425	0.0	0.647899434429	0.941658991902	0.0145276078751	0.250858117842	0.320133317247	0.020462979824	0.0601456514828	0.060123959483	0.0300538597416	0.00802751313097	0.0	0.0630874114575	0.0450354916127	0.0200118558279	0.00433685716271	0.0466806035985	0.00866542032548	0.0	0.00599508874844	0.00499675795703	0.0812163553016	0.0	0.0	0.0	0.0
0.0	0.0	1.50904164161	0.0	2.82338370687	0.0	0.0	0.183385683531	0.0	1.56778730429	0.657687002303	6.04027326383	19.5680035724	1.10684854704	6.04710605949	5.95871261562	0.0391396341424	0.152178293352	0.345052670857	0.0	0.0	0.403214503919	0.0	1.14675839169	1.77187027468	1.29513067747	0.795938794499	0.0310343472901	0.496214234855	3.61606990343	0.324268804057	0.068217508675	0.700353365206	0.0	0.600111338869	0.914939418922	0.647701058646	1.26062739938	2.52815779436	0.15863551925	0.29755889102	0.468087452718	0.0268326459586	0.0	0.242587645932	0.419479833589	0.867306409173	0.0	0.267371740192	0.187941660638	0.0	0.340445213783	0.0	0.0	2.21914929062	9.47038348536	0.0	0.271829437361	9.37398724658	0.322089095441	0.0982035366309	0.0	0.0	0.0	0.0	0.0	0.0	0.0	2.59158345409	3.14337850364	2.71667977464	0.317565878314	1.06551832329	4.04410243159	2.54925288097	0.628052091124	1.9357520706	1.73810409613	0.42076800277	0.356829883377	3.49936247755	0.69947937576	0.0621706015154	0.179009886311	0.50321317041	0.0211193055871	0.0223767037886	0.238066768803	0.325496133277	0.0711549088096	0.0	0.818861419941	0.814273852854	0.0317817428154	0.0911095971362	0.165497564893	0.0703184763407	0.0315816729425	0.0300334129257	0.00789194918783	0.0150107394667	0.0	0.0307838504492	0.0	0.0	0.00634125557267	0.02133517045	0.0	0.0276545704365	0.0213094304664	0.00710087759023	0.0456954909789	0.00328528771352	0.0	0.0	0.0	0.0
0.0	0.0	0.978967117682	0.0	2.82070791195	0.0	0.0	0.0	0.152188167623	0.494744589796	0.578456164989	4.54575022506	19.3452775112	1.13819870658	6.08883650513	5.18545194116	0.190542894583	0.130685023719	0.442937860393	0.135193804538	0.0	0.6969647665	0.0	0.943663871275	1.3592186467	0.981161918081	0.658134499451	0.0806382646359	0.893329782139	4.10863094571	0.367449706692	0.311935416616	0.913448785791	1.42781205915	0.944999631518	1.39765125368	0.0	1.16705679182	2.71541649285	0.254861166257	0.321823818411	0.312958476802	0.0	0.461560623773	0.443565620507	0.229841621717	0.47818446679	0.0	0.316625917467	0.560642881756	0.0	0.0	0.364135086091	0.0	2.92150353026	10.1098878349	0.0	0.396298351928	10.2243124557	0.843297773059	0.207315417628	0.0	0.0	0.0	0.0	0.0	0.0	0.0	2.71158149215	2.99528894365	2.32613442219	0.158892928839	1.16203471091	3.45762482756	2.86232651951	0.932624969271	1.64175789797	1.51914407572	0.247192344866	0.255542026381	3.7823608865	0.586809386506	0.079862178495	0.106498205329	0.311712396576	0.0314323737049	0.0367255006657	0.228555421483	0.241222723782	0.0318202397754	0.0	0.908525824898	0.875792618957	0.0	0.198431196015	0.149107187063	0.141879685751	0.049768397033	0.0546569019203	0.0533105216759	0.0	0.0	0.0215516419116	0.00357360704861	0.00620863012686	0.00225264400886	0.0332732920391	0.0	0.0345675162741	0.0	0.0	0.0237139923041	0.0292160973027	0.0647594737539	0.0	0.0	0.0	0.0
0.409530297855	0.0	1.83528997297	0.0	2.67855993625	0.105910747065	0.0	0.0217964038049	0.0	0.648037312317	0.665685017826	4.79574909723	17.1415983515	1.1425383967	5.63811466022	5.48752011321	0.177970505562	0.0649561702793	0.199509512287	0.0	0.0	0.969527812686	0.0	1.24906008995	1.32282821299	0.978369515447	1.01918533819	0.0480423379988	1.27268159733	3.94629113203	0.474384128103	0.190033539329	0.962418750467	0.497649825366	0.687268054565	0.919287187002	0.36700801458	1.42647724535	3.00187113718	0.102668115053	0.308687286372	0.348776018887	0.0	0.213833546759	0.0	0.646756871918	0.679911472269	0.0	0.471369857161	0.419369220927	0.0	0.0	0.218361498173	0.0	2.10308765658	9.75569444573	0.0	0.529099155185	9.53691287743	0.160053859969	0.147583846076	0.0	0.0	0.0	0.0	0.0	0.0	0.0	3.33747504196	3.75954437373	2.8177423797	0.367754144812	1.23786218646	3.62913223301	3.37104495244	1.20522047627	2.02350043174	1.73518714172	0.527136844572	0.173955444309	3.75333257179	0.999601502075	0.0956818608719	0.123788598646	0.354046530533	0.0376467327533	0.0615539592172	0.118171082893	0.258531150713	0.0613273831464	0.0	0.923322478261	0.946808325594	0.0089413771915	0.216071937458	0.240117084964	0.0489597092852	0.031700657897	0.0776252712346	0.00796238768586	0.0408731807606	0.0	0.0856475397392	0.0408065407398	0.00417444990326	0.0269750474216	0.0296155392459	0.0	0.035922541215	0.0175179954691	0.0137900813053	0.0304148624955	0.108662741925	0.027537084597	0.0	0.0	0.0	0.0	0.0
0.0	0.0	0.99183134451	0.0	2.43463235472	0.0	0.113070496474	0.110358976079	0.0	1.52744422255	0.634596092461	4.33071663098	18.1569626455	1.51884022129	4.52490065928	5.96316086884	0.274144839943	0.0609657688828	0.656632895671	0.0	0.0	0.228696033322	0.0	3.20635246716	0.0	1.24753218176	0.57137648325	0.0	0.587721685631	3.24804047324	0.845659323212	0.531243677402	0.224304032681	0.441991264398	0.56925848294	1.29458418862	0.30123724389	0.811978918306	2.56917637433	0.559256481484	0.464412067664	0.0	0.0849930123835	0.0681018099224	0.0721698105151	0.327956447783	0.470894468609	0.0	0.131589619172	0.0	0.0	0.0	0.0	0.0	2.71482039554	8.53160524306	0.0	0.4083720595	9.74912542045	0.548060479853	0.20096282928	0.0	0.0	0.0	0.0	0.0	0.0	0.0	3.59089252319	4.18267260942	2.68340439097	0.402390058628	1.39687220352	4.38998463962	3.90333656872	1.10251696064	2.37222034564	2.14326031228	0.455325666341	0.411151259905	4.40940064244	0.944827337662	0.161126423476	0.113977096606	0.760978910875	0.06815388993	0.0261379238083	0.187292427288	0.132973219374	0.0329659248031	0.0231596433744	1.23856818046	0.937111336537	0.0340957249678	0.157699222976	0.404192458891	0.101087894729	0.0449054465428	0.0785512914449	0.0204352829774	0.0652754495106	0.0123897618052	0.0539997678678	0.0407642459394	0.00918087733765	0.0	0.0874766527453	0.0	0.0782558514019	0.0446986865126	0.0	0.0182890826647	0.0741000107964	0.0314467245818	0.0	0.151782022115	0.110942056164	0.0	0.0	0.0
0.0	0.0	2.43919084636	0.0	2.58775466136	0.0	0.231354443366	0.0	0.0	0.0	0.675455948221	4.99269040427	18.6205708807	1.28677462997	5.02759890779	6.19200622539	0.324670862792	0.0	0.17345593752	0.168571167026	0.0	1.29457913075	0.306064690913	2.42468294489	0.104093890513	0.943302785273	0.0	0.0	0.115159220631	3.95528469948	0.4960371301	0.727156833443	1.57751345933	1.41954794337	0.798903790689	0.674941698169	0.0	1.25869052712	2.67273296995	0.541817484723	0.43178249361	0.0	0.107347459842	0.0	0.0	0.83436647427	0.347405555088	0.0	0.0	0.385058338891	0.0	0.0	0.526628353189	0.0	0.636617364298	8.53571596211	0.0	0.402643270667	7.3088242382	0.0	0.427692693197	0.0	0.0	0.0	0.0	0.0	0.0	0.0	3.82362458618	3.46829595029	2.29068753136	0.588444839433	1.50579675208	4.70036647473	3.94699619865	1.20369239157	2.47160674964	2.24545772679	0.56385763695	0.486493859136	4.55169375972	1.24388012563	0.20852053106	0.100952609196	0.728939163622	0.125709332697	0.0773548238128	0.211344671346	0.136949023832	0.0512707301783	0.0	1.15129333628	0.997239750722	0.0752897166042	0.192749389468	0.0710556841766	0.148932865043	0.0	0.0704725851177	0.0991126830103	0.0208155111024	0.0	0.0989569559946	0.0494493169944	0.0247173984965	0.0	0.0	0.0494105969905	0.0374048547779	0.0	0.0246738384921	0.0	0.0	0.0206706740877	0.147854754934	0.147681724916	0.865596577425	0.0	0.0	0.0	0.0
0.025843993256	0.0	0.545211926497	0.0	2.09719230192	0.0	0.0	0.271769653208	0.0	0.318125995461	1.09416193318	4.83579963502	16.2233167885	1.47604147174	5.50140726736	5.27874505654	0.069526583379	0.0714561354727	0.191317969298	0.414426700141	0.0	0.276100653419	0.0455732242149	1.6027506779	1.37619666688	1.2037484385	1.00784326898	0.0431923940991	1.31351306384	1.74079368461	0.311983295162	0.472853722981	0.630123930624	2.79398313579	0.978858507573	0.911616984304	0.134758766549	1.20149509839	3.21590795629	0.184496948967	0.432543701022	0.704632994245	0.0	1.26180946133	0.0	0.43067710093	0.501338284365	0.0	0.0918641744646	0.0	0.0	0.0	0.022553287096	0.0	2.16691530531	9.30433045219	0.0	0.307298494935	8.16505779682	0.0	0.0523919265463	0.0	0.0	0.0	0.0	0.0	0.0	0.0	3.8003245847	4.95949544104	2.1317671036	0.295037494339	1.24571766054	3.90839218994	4.0966747991	1.0227150697	2.51267552212	2.18120150601	0.311818595155	0.10391740905	5.37819946138	1.66161568075	0.203648509898	0.359846337489	1.03949007052	0.173953708455	0.0	0.313835255252	0.329608636019	0.0774233997627	0.00948612266103	1.08557923276	1.39963286803	0.0324024695748	0.323518395723	0.871909642374	0.0901494643813	0.0531560125834	0.0531342965824	0.0599672729145	0.00873428542449	0.0243049631812	0.043601216119	0.0106010075152	0.0423953680605	0.0366995537836	0.0347723196899	0.0	0.0683603853223	0.0701909954112	0.0105667011135	0.0	0.0739370055934	0.0211172250263	0.105534763129	0.0	0.0613431889813	0.0	0.0	0.0	0.0	0.0
0.0	0.0	3.6179835398	0.0	2.02132052224	0.0	0.0	0.0877008459647	0.0	0.0	0.396938224367	4.95065165445	15.6501511722	1.61433811776	3.19884873519	5.62552806188	0.0	0.132879361461	0.938701570326	0.541749815959	0.0	0.0	0.0	2.2096089243	0.0	0.912361120036	0.0	0.00372345604096	1.46683651614	4.64237675107	0.628263096911	0.0	1.02942022132	0.0	0.484811885333	0.574980726325	1.17938797297	2.01041042212	4.05512554461	0.258905162847	0.435293314788	0.0	0.088006131968	0.578823246366	0.764429018408	0.671423797386	1.78998211969	0.0	0.22541595248	0.169615771866	0.0	0.0	0.0	0.0	1.38981391529	9.61673050578	0.0	0.0616054116776	6.83503627519	0.0	0.0930454420235	0.0	0.0	0.0	0.0	0.0	0.0	0.0	3.71586694087	4.97804375476	3.2177046354	0.371306254085	1.12071574233	3.72808084101	4.09688404507	1.31228701444	3.08288433391	2.11910552331	0.191672132108	0.475727105232	5.54648826101	1.36347961499	0.218016272398	0.200465402205	0.911505040027	0.138726781526	0.0147996061629	0.175743631934	0.465370505119	0.0	0.0588815766477	0.902021739922	1.3178466145	0.0	0.206446892271	0.467080205138	0.165687151823	0.0732845078061	0.0732164888054	0.186139592048	0.0918027730098	0.0	0.352038303872	0.0187395422061	0.0374705974122	0.0351172383863	0.100509697106	0.0	0.0279447393074	0.130664131438	0.0	0.0162792961791	0.11185546323	0.0	0.0138441421523	0.093094150024	0.122937394352	0.0	0.0	0.0	0.0	0.0	0.0
0.0	0.0	0.0	0.0	1.01651263207	1.25847638635	0.117089515946	0.749596350127	0.641369116901	0.292517329803	0.358253469984	2.9680649112	17.0056132208	1.80184455316	4.68444863813	8.52398581686	0.0	0.512794717428	0.280721206181	0.0	0.0	0.699430894726	0.0	0.610126067308	2.17287746707	2.00796981644	0.0	0.22270406837	1.08312793252	2.94646410457	0.205909503214	0.0	2.8443004732	1.57781368439	0.755611591973	1.12439886519	0.0	1.70798892435	2.39214673439	0.173450013249	0.518822359278	0.480632827554	0.0	0.0	0.0	1.01454227146	0.075540575191	1.83596936364	0.756990472396	0.0	0.0	0.0	0.552989329767	0.0253133677712	0.856579862971	8.67121106206	0.0	0.769187116141	8.49862780908	0.066736324488	0.116048287627	0.0	0.0	0.0	0.0	0.0	0.0	0.0	4.25809930723	4.49578258021	1.66390691082	0.31918477799	0.631695873931	3.44795745853	4.1905688865	0.402666563618	2.52335117467	2.23187668519	0.558631331499	0.55381021002	4.79873947322	2.24773629006	0.295934770852	0.0706771696979	0.363341191545	0.255445038421	0.0741096147516	0.273494483963	0.253395317793	0.105748968465	0.0367481552816	0.487973629808	1.90416938459	0.0	0.218119786962	0.431825172571	0.205702423151	0.0998902146663	0.175467493868	0.140185763037	0.0350204627513	0.0	0.308717934777	0.0348751347067	0.0	0.104563404101	0.133477360977	0.0695544733532	0.0231198070978	0.104162387978	0.0	0.0229913430583	0.132727160748	0.0	0.103825479874	0.0	0.0632432434157	0.138169522418	0.0345171465968	0.0	0.0	0.0	0.0	0.0
0.0	0.0	1.06474272147	0.0	1.82590037979	0.0	0.846653926104	0.0	1.52797531782	0.691412643814	0.806717667797	0.270038806167	13.423127792	1.73571286102	4.80075099855	4.58525095374	0.0	0.317101315957	0.0	0.0	0.0	2.51590052331	0.058903637252	3.5216382325	1.78902537211	0.0146606280494	2.09368793549	0.2557675532	0.0	0.291620060658	0.988580205625	1.95458790655	2.15846294896	0.353643823557	1.36456278383	0.226022547013	0.0	1.9351129025	2.07675043196	0.0	0.422628837906	0.0	0.0	0.0	1.00321895867	0.188621289234	0.0	0.0	0.18658878881	0.0	0.0	0.0	0.168831285117	0.0	2.24387546673	8.94476436051	0.0	0.616121378154	9.25557692516	0.0	0.296523811677	0.0	0.0	0.0	0.0	0.0	0.0	0.0	6.13828877676	4.78670099564	2.42233800385	0.397708832724	1.71975035771	4.22255087829	4.34155090304	0.910876439463	3.18198816185	2.62762554655	0.0716788899092	0.259265053927	6.07237626305	2.80371308317	0.346316322034	0.173451286077	0.724292650652	0.213037544311	0.169702535299	0.291810060696	0.324721317542	0.084889267657	0.0	1.36957528488	1.82150037887	0.0412105085718	0.275340057271	0.487457601391	0.198348791256	0.0805701417586	0.080519516748	0.201077541824	0.237330049365	0.0	0.116578149248	0.0800172666436	0.0399898833179	0.0	0.159835033246	0.0	0.347568822294	0.119263274807	0.0	0.0	0.119115524776	0.0	0.0	0.0	0.0	0.119005024753	0.0	0.0	0.0	0.0	0.0	0.0	0.0
0.0	0.0	1.33024518091	0.0	0.990338714686	0.0	0.0768408584503	0.0	0.0	0.0357173508576	0.0	2.23918410453	14.8464560191	1.91958506106	4.8213780557	5.82739999253	0.0	0.504724568642	0.148079000139	0.0	0.0	1.81928904743	0.234906871947	0.82698977247	1.18303306089	0.350117507615	1.64897482425	0.0	0.198763767032	2.13921569093	0.219455489846	0.49764588768	1.889723057	1.40357719089	0.654247528977	0.403425594865	0.0	0.967477271577	3.88148092788	0.343177426672	0.228285571046	0.271610676939	0.0	0.408313135531	0.0	0.803741509309	1.24658620954	0.789717707401	0.219471869848	0.0	0.0	0.899987882399	0.322954423922	0.0	0.531801972325	8.81638499903	0.0	0.174413003721	8.59602356905	0.985785074067	0.176489484003	0.0	0.0	0.0	0.0	0.0	0.0	0.0	5.01093248148	6.43266627484	3.25103984215	0.422388597445	1.59434121683	3.94938233711	4.12782356138	1.50784220506	2.2595961073	2.68948296577	0.246771033561	0.525470471463	6.19242204217	2.46256953491	0.410981815894	0.360347449008	0.815603150922	0.23712573225	0.0948657909018	0.590714540338	0.422507037461	0.0937015507434	0.0	0.721299698097	1.81360644664	0.159507201693	0.497598007673	0.691654414065	0.200278287237	0.0655947269209	0.311605602379	0.221383290108	0.0665519490511	0.0435914699284	0.174067763673	0.110563629037	0.0	0.154632261029	0.0857420036609	0.0432424498809	0.149801420373	0.0633075746098	0.0	0.0	0.175640243887	0.0658041389494	0.0	0.0	0.0	0.0	0.0219237509817	0.0200759607303	0.153286580847	0.417648476801	0.0	0.0	0.0	0.0
3.37431546691	0.0	0.0	1.82657840233	3.72176223855	1.4447400137	0.0	0.0	0.0	0.0	1.66917452457	3.51426953605	14.4604811435	0.463829629132	7.19225485298	4.37214225984	0.0	0.0	0.0	0.0186563092163	0.0	3.20110008134	0.0	3.72787094156	2.47780932404	1.03822424288	1.34180646285	0.674083312997	0.0	2.62717409783	0.32585041097	0.607517500114	1.89134843433	1.83142980472	0.869604989585	0.298135187279	0.0	1.2993884419	2.20268908812	0.280417408527	0.27977859821	0.0	0.279142327897	0.0	0.550147761772	0.0	0.159710198896	0.0	0.0	0.0	0.0	0.0	0.204510741029	0.0	1.0977669523	8.03308416834	0.0	0.159275858683	6.81219446522	1.28639633548	0.273647035181	0.0	0.0	0.0	0.0	0.0	0.14487659157	0.0	3.76470095976	4.53964264258	2.8338031999	0.0456075005301	1.11465288064	4.39708507216	4.6408997926	1.03329537045	1.67789942888	2.40356508736	0.240247288683	0.817655613922	3.89520622423	1.38849168591	0.356463776093	0.0	1.21251150898	0.117063704829	0.116952198774	0.0897171623203	0.916851552925	0.17315823554	0.0	0.818027724105	2.53499745228	0.0	0.107627346168	0.199988268795	0.109587211136	0.109489294088	0.101791312285	0.163831350933	0.218102287743	0.0	0.0933540631169	0.108713196704	0.0543204668343	0.100683744738	0.262885049865	0.0	0.100092178446	0.0	0.0	0.0	0.0539383236455	0.0	0.0	0.0539147016338	0.0	0.0	0.0	0.0	0.0	0.0	0.0	0.0	0.0	0.0	0.0
0.0	0.0	0.0	0.0	2.04425035167	0.673766647744	0.0	0.0	0.0	0.0	0.0	3.67355015076	17.8458945619	1.59296058573	5.13194428701	6.36088553889	0.0	0.468878252407	1.05565990817	1.43029812593	0.0	3.1014667404	0.950585949531	0.24590857042	0.0	0.38362766106	1.63674940183	0.0	0.195407431852	5.05701305947	0.0	0.0693760255095	2.8025610305	1.84501827841	0.329449081138	0.638022634601	1.28841007375	0.925504340308	2.70428259437	0.296590189056	0.295860588788	0.883238724767	0.0	0.272440420177	0.569409489372	0.551053002623	0.529112514555	0.0	0.261904736302	1.04430886399	0.0	0.0	0.0	0.0	2.15593039273	8.73686081254	0.0	0.836814387697	5.51515082792	2.13145678373	0.102394661651	0.443635363124	0.0	0.0	0.0	0.0	0.0	0.0	2.20463441065	4.18790553989	2.80405863105	0.0634282473226	0.528715714409	3.08307313364	4.95573942222	1.83633987523	2.31632725171	2.88270185997	0.2605402558	0.0029148554718	4.38040481068	1.00812965069	0.118024619398	0.353379969938	1.31930928511	0.285964905149	0.0543790279951	0.736727310894	0.79502493233	0.0	0.0568504529039	1.83146307343	1.98081352835	0.0	0.316695156449	0.31463179569	0.310964594341	0.0537506757641	0.268393058688	0.107189927414	0.107094439379	0.213903438652	0.147056694072	0.153201976333	0.106384039117	0.0	0.205379915519	0.0	0.0259907935569	0.0326099319907	0.0	0.0	0.263339616829	0.0	0.0	0.0525988033405	0.0	0.0525757633321	0.0	0.0	0.0	0.143755572859	0.0	0.0	0.0	0.0	0.0	0.0
0.0	0.0	3.0517926247	0.0	3.44378504347	1.05992366116	0.0	0.0	0.0	0.221069946985	0.823461429509	4.0366563231	16.8573381078	1.33813030546	1.79221044304	4.40607373503	0.0	0.0	1.21288803751	2.39049972432	0.0	0.0	0.647507956195	0.0	4.36627722299	1.06125752156	0.0	0.0	0.120424245489	3.51906946628	0.507051423636	0.0	1.92615118362	0.621175178216	0.0144438763765	0.0	1.3781977176	1.77044813645	2.96657519887	0.834627672892	1.24142671615	0.820716308677	0.0	0.0	0.0	0.405625142905	0.731125781532	0.0	0.76260824107	0.0	0.0	0.325274888559	0.0	0.0	2.64533930154	5.81805656288	0.0	0.490860628731	8.55279289149	3.68022921511	0.0	0.0	0.0	0.0	0.0	0.0	0.0	0.0	4.58847979031	4.59087919103	2.53361236768	0.965653012593	1.34065870622	2.94005279084	4.8003365545	0.339188832774	1.52763136288	1.67866460863	1.1620388021	0.0	3.66994791199	1.83755395678	0.360753769308	0.179980854535	0.875761915356	0.355801457808	0.266177390652	0.0	0.778835155987	0.175491653174	0.0	0.492880769343	1.78711494149	0.341964913615	0.292657228675	1.56751817495	0.497403510713	0.247949685128	0.576614694714	0.492100319106	0.16359784957	0.0	0.326112098811	0.162732259308	0.0	0.0	0.162518119243	0.0	0.405358112823	0.0	0.0	0.0	0.0809116625162	0.0	0.0	0.0	0.0808585145001	0.0	0.0	0.0681887756612	0.0	0.229253709464	0.080488413388	0.0	0.135184300961	0.0	0.0	0.0	0.0
4.77469228648	0.0	0.0	0.0	2.19206013152	0.214354412861	2.13859112831	0.0	0.0	1.03969326238	1.03153836189	2.03911512234	12.6757547605	1.80168310809	8.65577751935	3.26775819607	0.0	0.804408848265	0.0	0.0	0.0	1.35249408115	0.0	3.44455820667	0.0	0.0	0.0	0.0	1.95815111749	2.56633015399	0.63383453803	1.20015487201	1.17709677063	0.0	1.18487727109	0.588459335308	0.722159143329	3.26826519609	2.62574015755	0.0	0.533552532014	0.0	0.0	0.0	0.0	0.0	0.0	0.0	0.0	2.48816114929	0.0	1.20318777219	0.0	0.0	2.98186217891	7.19641043178	0.0	0.560136233608	7.11271642676	0.0	0.217201413033	0.0	0.172877910373	0.0	0.0	0.0	0.0	0.0	4.7700122862	3.72901122374	3.15924718955	0.107952526477	2.27614413657	1.32723507964	4.28463125707	1.30460207827	2.95055817703	2.83604117016	0.0	0.0	3.48043820883	1.46751808805	0.643657338619	0.213853912831	0.615785336947	0.628609837717	0.105258406316	0.82116974927	0.928674555721	0.206793612407	0.103274736196	1.48296208897	3.88843023331	0.196739411804	1.04115316247	0.770390446223	0.273547316413	0.0951323157079	0.0950635457038	0.0697006741821	0.0	0.0	0.567307034038	0.282738316964	0.0	0.0	0.188155511289	0.0	0.187886411274	0.0	0.0	0.187618611257	0.187350811241	0.0	0.0	0.0	0.0	0.0	0.0935755656146	0.0	0.0935090056105	0.0	0.0	0.0	0.0	0.0934425756065	0.421174025271	0.0	0.0	0.0
0.0	0.0	1.27819586589	0.0	3.2060679151	1.26047549525	0.0	0.0	0.26960848968	1.39463915007	0.605142731725	2.00646157204	9.89298935515	2.06720627421	4.03776074495	6.1421841205	0.460598636536	0.916299182895	0.0	1.309221907	0.0	0.582715530919	0.35040405258	0.0	1.36584534903	2.25350138091	2.08536287487	0.0	0.0	1.69400036081	0.705999635346	1.70774226131	0.90643095254	1.7993112646	1.29198754638	0.960582424484	0.0	0.0	3.55646672767	0.598138161474	0.892047152024	0.0	0.0	0.185670236665	0.0	0.0	0.0	0.0	0.18634226669	0.0	0.0	0.279432180032	0.7186751958	0.0	3.10193601136	10.6555796825	0.0	0.0	8.5209870059	0.0116199755172	0.416076974937	0.302965020877	0.0	0.0	0.0	0.0	0.0	0.0	4.62009506586	6.55272503524	3.45352692398	0.69194333484	0.637907142901	4.65919856726	2.77536609964	0.479712847221	2.47417088882	2.76937939942	0.397160574258	0.131289514713	5.06055638167	2.31348628305	0.235040208438	0.412547834811	2.25116958081	0.343032682315	0.105834248799	1.08235871886	0.588436301125	0.170258086112	0.0567029590356	1.36406374897	2.02900667284	0.109443167929	0.68663914465	1.67056445997	0.363078303034	0.264478529495	0.263937499475	0.14957580537	0.0966882214711	0.14903346535	0.0876489591466	0.0524022288813	0.0	0.0960361034477	0.0871426441284	0.0956782114348	0.441949475865	0.146704285266	0.0	0.146400365256	0.146097755245	0.0	0.0	0.0	0.0	0.0	0.051668759855	0.0425194575264	0.0	0.0516067968527	0.0	0.0	0.0	0.0	0.125433683503	0.0436319095664	0.0	0.0	0.0
4.26976462202	0.0	0.0	0.0	0.0	0.704870796654	0.0	0.0	0.0	0.774844000292	2.29198211918	9.24332688065	15.3044767958	1.77019929206	0.0	1.74187209058	0.0	0.0	0.0	0.0	1.87969329775	11.134596579	0.0	2.86503374898	2.71901534139	0.0	0.0	0.0	2.62338133642	2.5616449332	0.0	0.0	0.0	1.10950097769	1.21638138325	2.39273772442	0.0	4.58446583839	2.04264730622	0.0	0.0	0.0	0.0	0.0	0.0	0.0	0.0	0.0	1.06210637523	3.12552256253	0.573621869828	0.0	0.0	1.11418301794	0.0	7.95053201342	3.36115577478	0.0	4.73382384615	1.94701330124	1.6289328847	0.0	0.0	0.0	0.0	0.0	0.0	0.0	0.0	4.66783704272	2.15330291198	0.532348107682	1.8902796983	0.819283122603	2.91642135165	0.501700346088	1.40774047321	1.13757605915	0.885086446024	0.0	4.26447142175	0.450489623426	0.0	0.403204580967	0.763550079704	0.791749241171	0.393725660473	0.196330210209	0.570616229672	0.388804700218	0.0	2.2001233144	2.39668452462	0.0	0.266773333872	0.341061617736	1.42076887388	0.35231461832	0.351178098261	0.146372167611	0.174603009079	0.174323169064	0.347812098087	0.0	0.0	0.0	0.114186341938	0.345055937943	0.686847515717	0.171037688894	0.0	0.17076840888	0.0	0.0	0.0	0.0	0.0	0.0	0.0	0.0	0.0	0.0	0.0	0.0	0.0	0.0	0.478245264869	0.0	0.0	0.0	0.0	0.0
