0.0	2.63486131744	5.33972266986	5.12188256094	2.01484100742	1.00034050017	0.0	0.99567849784	0.0	0.0	0.0	0.0	0.968584484292	0.0	1.92408896204	0.0	0.0	0.0	0.0	0.0
17.4490874296	0.0	0.787520929123	0.0963020013329	0.0	0.0	0.0	0.0	0.0	0.150479266457	0.0	0.300835472925	1.35174257834	0.0	0.282918274538	0.5811140477	0.0	0.0	0.0	0.0	0.0
9.19268645726	0.0	2.31149812659	1.22760112939	0.159535786773	0.0	0.0	0.0	0.0	0.329417303063	0.314886289696	1.25631555581	1.88325013259	0.0	0.163958010841	4.32104597536	0.152311200126	0.687494032496	0.0	0.0	0.0	0.0
6.31067556263	0.00210420252134	5.35812987394	0.914563461229	0.501559062627	0.0438743717211	0.193053859578	0.076766235502	0.632307257157	0.120004886764	0.190887488012	0.651017770686	3.76984072559	0.0371560668638	0.411056297195	3.49860152949	0.0742012736475	0.0	0.142883463305	0.0713166115619	0.0	0.0	0.0
6.25557199018	0.0	5.07952474402	1.37906551602	0.26106223266	0.348138976843	0.0434373321566	0.0782963498119	0.338332583129	0.611721207886	0.154861580734	1.68016452301	3.76305358788	0.169700051222	0.716101940978	2.97107809553	0.0419944530816	0.0239318486597	0.0839629861798	0.0	0.0	0.0	0.0	0.0
3.86239826193	0.499207275358	3.5937983828	3.11212359955	0.626477218085	0.131595190782	0.0	0.208476906185	0.0	1.57881928953	0.206408907116	4.33392304972	2.57772384002	1.01033204535	0.44684479892	1.49106682902	0.0	0.521114765498	0.400004819997	0.399684820143	0.0	0.0	0.0	0.0	0.0
0.0	0.0	4.11687172244	2.94138408853	0.862629199055	0.491936283792	0.285958797483	0.570973793653	1.02160382003	1.38700052793	0.552732168297	0.0	2.64389167502	0.0	2.96582412251	1.95612831902	0.265208168638	0.264937768264	0.0841597769821	0.0	0.0	5.58875976838	0.0	0.0	0.0	0.0
0.234327358119	0.0	3.86831746421	1.04870712584	0.760025791203	0.00423943250873	0.136729096407	0.00507205860863	0.0	1.19452604334	0.21200132544	2.90233834827	6.66797480015	0.262846651542	4.42241153069	4.86529258385	0.078183369382	0.0339365740724	0.0770058992408	0.0	0.0	0.226064547128	0.0	0.0	0.0	0.0	0.0
0.0	7.73175099488	5.42880729426	1.66521298352	0.289032762427	0.0	0.193187654886	0.193008734909	0.0	1.2069342431	0.370733951804	2.02733133645	2.69774924929	0.0	0.17984705662	2.730752845	0.0	0.0	0.176644977036	0.176495457056	0.75222550221	0.0	0.174426817324	0.348415154707	0.0	1.65744298453	0.0	0.0
11.9878202367	3.014840814	0.920648748576	1.38016547264	0.640798673017	1.59247452997	0.0	0.0	2.18939909114	0.716111693349	0.154202611635	0.861497432603	2.83216396468	0.0	0.677022582796	0.818426620974	0.147411099801	0.0	0.332606889804	0.0	0.0759284005007	0.221405199779	0.145805659368	0.291270278642	0.0	0.0	0.0	0.0	0.0
0.0	0.0	9.87561331821	2.91202297844	1.08329136399	0.616359207096	0.0116065238998	0.0	2.84660495646	1.90241463921	0.433473145647	1.30741543929	4.41996148512	0.321282107952	0.435402146295	1.49424650207	0.0702162235926	0.0375738126249	0.50044516815	0.0373593125526	0.302661101694	0.166260655864	0.110941537276	0.421128141498	0.693720233091	0.0	0.0	0.0	0.0	0.0
5.19842354724	4.10762601274	5.8871818847	1.78190877314	0.0	1.14353786033	0.189814953009	0.378968985696	1.32840025092	0.0	1.11368484571	2.74843344673	2.32925124133	0.0	1.14287136001	1.13119365429	0.0	0.0	0.252210543583	0.07749011797	0.403130397535	0.859304921061	0.171320653947	0.0	0.0738910162064	0.170605483597	0.510750050266	0.0	0.0	0.0	0.0
2.50833101908	8.10098624829	2.44542866375	1.83527549695	0.214667047586	0.642764343638	0.213843688171	0.213638568316	0.713986693069	2.51429581485	0.0	3.10351139651	2.11129770098	0.0	0.0655785134394	4.6252127161	0.0	0.0	0.197547059741	0.197372339866	0.0	1.56581328827	0.194955701581	0.0	0.0	0.0	0.0	0.219451684189	0.31604201561	0.0	0.0	0.0
3.72709069613	0.844500764072	8.69452095511	3.8289618245	0.864205088898	0.322224286003	0.132806687336	0.0	0.0	1.03509250422	0.784269088178	1.73023178009	2.19683256801	0.127877141125	3.43391832673	2.67777187399	0.0	0.0	0.406346011995	0.0	0.0	0.120767942168	0.0	0.366039761211	0.294035320484	0.0	0.0	0.0	1.41250737976	0.0	0.0	0.0	0.0
0.0	0.0	9.05247401145	3.01908367189	0.954207444475	0.136003180363	0.387175342649	0.0	0.0	1.83099002043	0.276025844283	2.90550317137	4.66980213277	0.0403882957435	1.83524002419	4.42965992023	0.0	0.0	0.0	0.0782119692175	1.95726273218	0.974906662791	0.0842850545923	0.474538419968	0.0337162998389	0.132606237356	0.322789485669	0.0579013712428	0.347228707299	0.0	0.0	0.0	0.0	0.0
4.55885522796	0.0	6.30644031532	3.69183518459	1.22475156124	0.0	0.162704158135	0.162616308131	0.0	1.42055207103	0.399896019996	1.46777057339	3.30747216537	0.233725461686	1.3219815661	4.06056020304	0.0	0.0760767038038	0.179407558971	0.112138605607	0.373716018687	2.82519664126	0.0	0.463641523181	0.42163802108	0.0730656536533	0.0	0.0	0.13980085699	0.0	2.01615760081	0.0	0.0	0.0	0.0
9.88621664652	0.0	7.2804634218	4.67546619748	0.948751645914	0.0	0.0	0.0674453116994	0.0	0.971208456469	0.46378821798	2.06366856992	3.46682322941	0.056289626456	1.38693665186	1.88810728741	0.0	0.0	0.226316266368	0.0	0.0	1.44633307978	0.196317812269	0.367434172696	0.523105445858	0.085327960104	0.0	0.0	0.0	0.0	0.0	0.0	0.0	0.0	0.0	0.0
10.5009033821	0.0	5.15532462419	2.73947452585	0.818299975265	0.0	0.0996166500306	0.00393817176852	0.0	1.48682014524	0.304389963986	1.3549076525	4.70658830873	0.375198763766	2.08290536428	3.33308444316	0.117412182541	0.0505205755159	0.748821326421	0.0445913213479	0.0	1.02614022138	0.297632279235	0.620261036045	0.860938805239	0.112251788913	0.0	0.0748029525866	0.0	0.0851755398786	0.0	0.0	0.0	0.0	0.0	0.0	0.0
5.91294782547	0.0	6.97117107835	3.30485006678	1.33209285954	0.150073294048	0.224796821293	0.135299284479	0.0743746874916	1.30511287859	0.484362858038	2.72114387887	6.11024368616	0.423429901058	2.208208841	3.34891103567	0.0623951959489	0.0500315246779	0.406223513206	0.0	0.0	1.33840085509	0.0477815462663	0.248948844242	0.509279440448	0.121385594302	0.18759256756	0.0303143645981	0.0	0.0538262019989	0.0	0.216149547398	0.0206518074198	0.0	0.0	0.0	0.0	0.0
9.82261087369	0.481786150463	6.82156305094	4.41343179806	0.732181568801	0.0	0.0	0.0	0.0	0.4515494724	0.582511377388	2.91210058727	4.7969965198	0.203548262326	1.85083725722	2.973116043	0.0	0.0	0.431370887041	0.276234849591	0.0	0.786960929059	0.0	0.423746392571	0.349971706096	0.0	0.00138744349341	0.22795327462	0.227775434749	0.0	0.0	0.190975841447	0.0	0.0393509714508	0.00203930852048	0.0	0.0	0.0	0.0
2.99656954323	0.0	7.10500365908	4.24252218488	1.53309678954	0.0	0.118586861072	0.0	0.0	0.169911287504	0.233832120424	3.31205770571	6.50528335024	0.0	3.79589395488	5.6236828962	0.155355280008	0.0	0.0	0.488460251556	0.0	1.47191275804	0.0	0.261742934798	0.845636435504	0.15042807747	0.0	0.0	0.150241277374	0.120443662028	0.150023677262	0.247411727417	0.0224750115746	0.299428554206	0.0	0.0	0.0	0.0	0.0	0.0
5.55483787636	0.0	7.21828804256	2.37646398019	1.26320040745	0.0	0.197976071751	0.10863594024	0.31942121787	1.67288425581	0.258493645036	3.81386909559	8.51597761198	0.482741667824	2.09037859557	4.09002429116	0.0864258547242	0.053614000896	0.00906804200338	0.00301404607731	0.0	0.138595427212	0.149910594738	0.740819983321	0.431122724732	0.0319555697722	0.0	0.0523520222872	0.0	0.241034224284	0.0318435578957	0.0375358276205	0.0	0.188398892309	0.0	0.0	0.0681361848868	0.772980347868	0.0	0.0	0.0
0.0	0.0	8.30692624142	1.65057445057	2.2257727288	0.00410179053165	0.0508901292266	0.517553290435	0.0	2.29017131517	1.09122276899	4.81933097974	6.37345665075	0.49163089592	3.08902374605	6.06820071535	0.0	0.461122102379	0.377403940103	0.575210878229	0.0	0.0	0.0485242697272	1.09734216769	0.606647871572	0.449437704853	0.0	0.0	0.0	0.479551698478	0.335983548872	0.0	0.223851552611	0.239002629403	0.0	0.0	0.0	0.1270659331	0.0	0.0	0.0	0.0
9.87159521026	0.0	7.77147537826	1.75103295992	0.783954437284	0.103394781729	0.150171037986	0.0	0.267615638591	1.66847726652	0.372792340176	2.56089919513	4.91111560711	0.498296860135	2.44116570471	3.46337452293	0.0	0.108682921305	0.363867690891	0.0	0.0	1.42512738599	0.234192171264	0.735970741124	1.1025156118	0.369865760411	0.416345316692	0.105436421565	0.204563023635	0.642751048581	0.0525563157955	0.157632397389	0.0	0.075289983977	0.0524832158015	0.0524771958019	0.221156292308	0.0637255649019	0.0	0.0	0.0	0.0	0.0
8.65181693732	0.0	6.97136720144	3.06187076291	1.11662435347	0.0430556724765	0.240759008704	0.0	0.0	0.52146213867	0.285679095107	2.72529241523	6.16876237234	0.4536316686	3.82335754953	4.78698494494	0.126110290272	0.0630410651213	0.603381423295	0.0	0.0	0.338071709228	0.0	0.889997719367	1.2486948899	0.303371513383	0.150565515534	0.12098780498	0.626411047082	0.274120723167	0.0711546735029	0.0819597646644	0.0	0.0601665421522	0.0	0.0	0.191301197614	0.0	0.0	0.0	0.0	0.0	0.0	0.0
8.25439807062	0.0	5.94625721202	1.5352250711	1.35581450436	0.0	0.0	0.0	0.0	1.07937490153	0.458023670384	2.16753830632	6.60937745871	0.385620443451	3.69739487543	6.19258730364	0.0558657207819	0.0	0.625563232709	0.0	0.38997329507	0.323535720355	0.489384182052	0.775300788414	1.95896322873	0.373770589043	0.77806378944	0.0	0.118312244012	0.809604301172	0.205731976532	0.0	0.0523228694643	0.0	0.0410727752791	0.0821344805541	0.175408265252	0.0633807235778	0.0	0.0	0.0	0.0	0.0	0.0	0.0
4.17665341397	0.0	6.77616899608	2.3728229488	1.54238022673	0.352767611857	0.00592452487092	0.0	0.62429369177	1.03735995249	0.40816174	1.9156702816	5.15963675845	0.179062386322	3.66507813877	5.01712873752	0.0	0.0340298390024	0.522146076756	0.0	0.0	2.23554512862	0.0	1.32735779512	2.93573883155	0.863999727006	0.623433491646	0.0	1.11206396347	2.32729674211	0.0924181535856	0.184812387168	0.120044377647	0.0	0.0	0.0276082840584	0.193202328401	0.101162294871	0.0	0.0	0.0	0.0	0.0660311697065	0.0	0.0	0.0
4.88302041223	0.0	7.69286980028	2.96475676459	1.37626877988	0.0	0.0	0.0	0.0	0.550074171735	0.200620539107	1.38880838607	5.93868793369	0.566336179772	1.87329872541	3.80967148198	0.11040446454	0.0	0.0	0.719048655212	0.0	3.80528167981	0.0	1.1159826513	2.11081804274	1.1244990555	1.04917681829	0.16860318329	2.05183771361	1.27866853166	0.315180275699	0.187285222519	0.255334676135	0.42230836862	0.247519512275	0.148419023319	0.207444472477	0.0641099116705	0.0	0.0492193643145	0.113125765884	0.0147018892627	0.196617547129	0.0	0.0	0.0	0.0
4.78416477608	0.0	6.16281596918	2.60795518696	0.992011195042	0.0708379196458	0.0	0.179229119104	0.100501439497	0.951230395243	0.571281597144	1.24321919378	7.46875196266	0.298343998508	2.30406718848	4.29328317853	0.0346379998268	0.0346249438269	0.177005279115	0.219760798901	0.0	3.45133438274	0.0	2.31729118841	2.35006558825	0.878870395608	0.902342395488	0.0434282877828	0.878956795603	2.21831998891	0.100814399496	0.31399199843	0.0	0.871982395642	0.264500638678	0.170254559149	0.0	0.163515359183	0.0269205118654	0.0	0.0347636158262	0.128129759359	0.0233426398833	0.25203167874	0.115421279423	0.0	0.0	0.0
4.28582502716	0.0	4.62618889285	2.12908471091	1.14606612119	0.11056705134	0.0	0.0	0.0	0.992019891458	0.308846569608	2.07499850048	7.82324350989	0.381371483605	1.77388364236	3.0005204791	0.0106028180463	0.0	0.129719195036	0.0	0.0	6.91164733393	0.0	1.87072236105	2.61701700508	0.879981369834	1.68803562579	0.113120931832	1.01408949572	2.2839345408	0.102234109731	0.164036841659	0.432958203561	1.62516371366	0.243809837055	0.0	0.0	0.112499611712	0.0	0.0	0.117105612601	0.0307055129262	0.0	0.0	0.0	0.0	0.0	0.0	0.0
0.0	0.0	4.01039172447	2.77486619319	1.28988055465	0.270582116351	0.12741955479	0.0	0.0	1.13749048912	0.64402027693	3.08317132576	12.1037552046	0.218681594033	2.41562603872	4.18243679845	0.160370068959	0.0	0.73802031735	0.0	0.0	1.23338053035	0.0	2.29195598554	3.16351636031	0.91676539421	2.0823208954	0.095784041187	2.29944598876	1.77383076275	0.312137634219	0.0748595321895	0.0	1.09948547278	0.11676755021	0.383464164889	0.391327668271	0.414737678337	0.140249560307	0.0	0.0	0.0	0.0	0.0	0.053258522901	0.0	0.0	0.0	0.0	0.0
1.54410113961	0.0	3.88531169317	1.48448215352	0.792136915115	0.0	0.292450761742	0.0	0.0130526309535	1.84242046998	0.748781825233	3.00736219808	11.345151352	0.383656590455	2.40480753872	4.87248786276	0.00430485289525	0.00506402341805	0.284902253504	0.0	0.0	1.9764382387	0.0	1.97486233907	2.64389038292	0.862710698642	2.02650492702	0.139179477516	1.98490933672	2.77003375347	0.0128100240101	0.351426127977	0.468587890632	1.36559608127	0.58019626458	0.089812509038	0.332353662428	0.140603397183	0.0	0.00108716164625	0.063371565209	0.0	0.0	0.0243421413185	0.126551370463	0.0	0.135771658311	0.0184867306852	0.0	0.0	0.0
0.6464172446	0.0	3.15397181763	1.34126729255	1.18381648168	0.267987738491	0.0	0.0463655951992	0.11551020797	1.50506210385	0.310032861392	3.13124261605	8.19052056514	0.369610825503	2.37566696392	5.11917155322	0.0	0.00684502047232	0.349236184097	0.0579482839983	0.225334735548	1.64304411337	0.0547487237778	1.68384331618	0.876413260471	0.894654861729	2.24415895485	0.0743948451334	2.07607414325	3.11195581472	0.0974131667215	0.949603265525	0.539801637248	2.23649415432	0.628596843373	0.353399824384	1.54893450688	0.998478068895	1.92431213278	0.150827050407	0.0756912052229	0.0	0.0	0.0992529268484	0.123684608534	0.0	0.0	1.21821448406	0.0	0.0	0.0	0.0
3.58400674419	0.0	4.07480771744	1.59467386326	1.21581943829	0.0	0.0788719135614	0.0	0.0	1.1378829743	0.474103860964	2.74549413158	11.4749186986	0.694485179149	2.53591102841	3.96923706621	0.139747155437	0.0728288563529	0.105957551048	0.0	0.0	1.49765740808	0.0	1.40879234914	1.02431992676	0.570899836246	0.965961653724	0.202428106478	1.61504705385	1.46477622327	0.0942975564345	0.341960612014	0.129104230354	2.89300366343	0.341749672111	0.735273960302	2.06834524443	1.74944969176	1.42461814182	0.0490197303529	0.108107760054	0.141273024732	0.0	0.0332084596577	0.00921881574092	0.0	0.0147438511883	0.0	0.0828750017117	0.135121847574	0.0	0.0	0.0
1.71963481877	0.0	4.31680714092	2.88084502627	1.22178198703	0.0	0.132263775295	0.0	0.0	0.869297106175	0.529694460964	2.22046304948	9.09100492724	0.381197751155	2.11799268412	3.15618553321	0.109419083016	0.0380361831438	0.40408240342	0.101454085708	0.0	2.36394100099	0.0	1.83672297919	1.34228834631	0.946295680153	1.20142399392	0.0526451762059	0.878342103119	2.20201125572	0.100461026044	0.287092522963	1.03611384979	3.94341346713	0.477995958437	0.996418463213	1.75869300556	2.08150489645	2.38560579367	0.141496152174	0.209439469209	0.307944075915	0.0	0.078262713547	0.0155445967459	0.0	0.0	0.0519158524524	0.0	0.0142676051775	0.0	0.0	0.0	0.0
0.0	0.0	3.61874531367	1.73234519273	0.897500581764	0.0901933579701	0.139140585161	0.0	0.540731698019	0.992529537483	0.557468740218	1.80809115743	8.3373361148	0.500114216947	2.44576086027	2.78446720244	0.0	0.0	0.43203964867	0.0	0.0	3.37582142687	0.0	2.39993488163	2.49927033534	0.735855657092	1.19117294491	0.0908671076561	0.920721570945	1.40126734701	0.291129714334	0.297236911487	1.73400619195	4.75545728396	0.163728323702	0.797312628453	2.0304780538	2.20960197032	3.79052123361	0.400074763565	0.489926021694	0.152959328721	0.0531528552308	0.157430276638	0.132593388211	0.0265093276467	0.0265062476481	0.0	0.0	0.0	0.0	0.0	0.0	0.0	0.0
4.74423529928	0.0	4.58601852265	2.12394528629	0.720535093578	0.472046890279	0.164190855749	0.0	0.0	1.04495984566	0.774463085614	2.47183403491	9.66039057318	0.411251059258	2.45917243678	4.45655774176	0.0563572716762	0.0	0.269740760159	0.0	0.0	1.293207809	0.0	1.81418133205	1.93824931372	0.625290307645	1.47389738231	0.195641011104	0.610310309857	1.66065175472	0.276265319196	0.232553405652	1.44566218648	3.23350672241	0.30880019439	0.596343911918	0.710919894994	0.787163883738	1.69556214957	0.571479915591	0.568019116101	0.468860490749	0.0417568978325	0.656353503058	0.167417575273	0.0207595329338	0.0	0.0646928704447	0.0	0.00122151101958	0.0	0.125532941459	0.0	0.0	0.0	0.0
1.80262627987	0.0	6.22605742052	3.08429498985	1.4728240457	0.0	0.0	0.451684280696	0.0	1.5136588747	1.06301655474	2.18471465115	7.72892048756	0.496551292551	2.10763349642	3.3926823088	0.0862353612271	0.0469374813256	0.463693619222	0.0	0.0	4.14010103947	0.0	2.7392908449	1.75599454676	1.16835832953	0.875093121317	0.232480365061	1.50051466536	2.38275559175	0.0	0.110631378548	0.887319629998	3.35587168267	0.360403845887	0.0989024802206	1.47968115057	1.49993326495	1.11529129186	0.20550680591	0.0325342550993	0.0	0.0350094818567	0.342095432888	0.279334968328	0.0697885695501	0.0670816376281	0.0991681004092	0.0	0.0	0.0	0.0	0.0453263751817	0.0	0.0	0.0	0.0
7.4491689086	0.0	3.56317052128	3.41706858192	1.20758269885	0.535247557872	0.168638990015	0.198645277562	0.0659917926136	4.09574370026	1.86207762724	1.31049785615	5.39623076056	0.0608935947294	1.50567357514	3.59237350916	0.0114487312488	0.0	0.470623404691	0.0	0.0	4.30406801381	0.0	2.15054050752	1.50083637716	0.572663922344	1.09008054762	0.0	0.209000013265	1.650615515	0.0	0.765193682444	0.375435004195	3.71389505873	0.202111356124	0.377347263401	0.85794724395	1.29333566327	1.58566714195	0.253741194698	0.179762805399	0.617021143936	0.037441072462	0.751552088105	0.17484440744	0.0349497994958	0.0404738912033	0.315588889031	0.0	0.0	0.0	0.0	0.0348103095537	0.0	0.0	0.0	0.0	0.0
5.43945077403	0.0	4.18932953281	2.42167809871	1.0598993806	0.349165467723	0.0503510615774	0.0518110162751	0.0	3.35640310522	1.70855114633	1.60229806833	4.63803033993	0.342550979092	1.98138478986	2.92881839373	0.125114784101	0.070003485509	0.055183396577	0.0	0.0	3.64810494484	0.0	2.13689105767	1.76017023565	0.743730246045	1.50994538744	0.153351588256	1.03650588544	1.66306215575	0.283627101289	0.309103886016	0.850408123968	3.7705299195	0.371842703029	0.742402746323	0.683131358595	1.74724333832	3.17943854186	0.302276407429	0.541370317937	1.11981976819	0.0618184172035	0.790729636316	0.145634979853	0.0123213214495	0.207447497059	0.774321739715	0.0610726573581	0.0236742170995	0.0	0.0	0.0	0.0	0.0	0.0	0.0	0.0	0.0
4.40429947589	0.0	4.5336234605	2.65438168413	0.659201921556	0.253751369804	0.060175192839	0.105490787447	0.248138970472	2.36075971907	1.14804586338	1.26668384926	4.40164747621	0.237537571733	1.72314579494	2.03623175769	0.0720113914308	0.0	0.263888368597	0.0127574384819	0.130949984417	4.25873349321	0.123984585246	1.81274378428	1.38631783503	0.721889914098	1.26326984967	0.119816385742	0.847469899152	1.78281578785	0.189508177448	0.162065380714	0.872999896116	4.33724348387	0.482737742554	0.663809921004	1.08382787102	1.58754581108	1.94210376889	0.526151937388	0.771071908242	1.74860379191	0.0724859913744	3.28286960934	0.341478559364	0.0502664940183	0.164915980375	2.26768173014	0.277952366924	0.0374420955444	0.0258587969228	0.016545898031	0.0733769912682	0.131692184329	0.0	0.0	0.0	0.0	0.0	0.0
3.5960600947	0.0	4.75265678948	3.47082708444	1.01086158284	0.0959139678598	0.0470726058576	0.191921265728	0.236079169347	2.97911824414	2.06508196923	1.06861638757	3.05621005045	0.495977010646	1.65428353557	3.38073617705	0.173338224205	0.122334900025	0.386019011634	0.0	0.0	4.94095160491	0.0	2.44325760023	1.59180123045	0.740210660658	1.24277140185	0.0321929356382	1.06817108753	2.14557147583	0.157985132947	0.627086151393	1.37377501258	5.6655767643	0.372218980503	0.48663973988	0.882596872328	1.63852723428	2.87075783526	0.446875666621	0.554309485425	0.915445375018	0.0329640977014	0.50786652162	0.148405692162	0.000569804096695	0.0	1.05895398678	0.206548456927	0.0	0.0	0.0	0.0	0.0169921003925	0.0162130693286	0.0316559525942	0.0	0.0	0.0	0.0	0.0
4.93901245177	0.0	5.57776118087	3.73770678511	1.31129985445	0.277580169188	0.0107088868113	0.0991410889956	0.0	3.29511983424	1.49855843366	1.03022288565	3.81222457684	0.237150593676	1.88717439052	2.65834270492	0.135903364915	0.0	0.112211927544	0.0	0.0	4.70547707769	0.0	1.90516678852	1.61999162018	0.839517106814	1.25304466091	0.0568047036947	1.23461826296	1.8432225954	0.16369238183	0.0	0.98028189119	3.80395997776	0.430040012266	0.807202710398	1.16196047102	2.55267611665	2.77622949184	0.469679087865	1.03460628516	0.644012528514	0.0211368516538	0.905478899492	0.298768666837	0.0540390080017	0.113857407362	1.4486732392	0.0598033953618	0.0799725511228	0.0	0.0212671756393	0.0318963924595	0.0628035130287	0.0	0.0	0.0	0.0	0.0	0.0	0.0	0.0
1.39438473848	0.0	5.00490068453	3.5979600511	1.04409857954	0.0889395841839	0.0256091746872	0.232125926523	0.179108927873	2.59476735509	1.13726294202	1.20156701613	4.38223413528	0.223527059986	2.39448413574	2.98568219766	0.111826844968	0.0	0.427715647759	0.140135883567	0.0	5.82936875251	0.0	2.04440587672	1.42395692657	0.847652058653	1.27133318804	0.0	0.971478508783	2.02175738584	0.0640218342185	0.00366235862517	1.08948376127	8.43859460178	0.456213056283	0.65634633569	0.714885912115	1.14827533759	2.15635053164	0.404390537152	0.892319040661	1.13992154095	0.0490324392547	0.593001121199	0.429603756999	0.0	0.465545872525	2.00952909077	0.230689527101	0.179170667848	0.0924656927638	0.0608105995116	0.0	0.0107098696871	0.0473001289523	0.0	0.0	0.0363405273657	0.0550522758304	0.0	0.0	0.0	0.0
0.521672369037	0.0	3.87302436406	3.56903073549	1.25068171756	0.906048085171	0.1893574578	0.0	0.0	3.17851549878	1.19995531279	1.91733138023	3.36935711672	0.0	2.00344338833	4.06519078212	0.0878860882611	0.0	0.363270434147	0.246838423203	0.0	5.67802293373	0.458861483133	2.27608981395	1.1116673045	0.570195893599	0.714406467155	0.0835360078522	0.862726481094	2.734105857	0.164790415491	0.976422491782	1.28979852124	7.84108873709	0.642355260384	0.883859283085	0.570331573611	1.75280016476	1.97041938522	0.600250296424	1.13498890669	0.967948890989	0.0	0.462794283503	0.453818282659	0.0411933478722	0.205809939346	0.823296077389	0.081630087673	0.326110110654	0.325618590608	0.324641950516	0.485505965638	0.322865310349	0.0	0.0	0.120446731322	0.0	0.0	0.0	0.0	0.0	0.0	0.0
2.11160260429	0.0	6.27033432494	3.17942890418	1.1873092775	0.405800123953	0.0	0.0	0.0	1.78501016549	1.02978830702	1.73685817451	4.80346659983	0.092470932671	1.94085413629	3.32451537699	0.0396867175627	0.0646203878901	0.0	0.0463014413231	0.0	9.64469819261	0.00311495541625	2.31385656639	1.52817571362	0.883726834387	0.566368943862	0.182887865727	0.139740873813	3.89636576982	0.0	0.762072857189	1.48757672123	8.54834339801	0.550568746824	0.0936786324448	0.0	1.44960372835	1.4845217218	0.245511453991	0.428235519748	0.336684336905	0.0	0.0	0.0721122864859	0.0	0.0	0.596734338172	0.423937070554	0.119442677617	0.0943780323135	0.147403722376	0.443180316948	0.369729680713	0.0970690318091	0.0247373703642	0.0	0.0	0.0474951660994	0.0	0.0	0.0	0.0	0.0	0.0
4.2807815594	0.0	6.72362076342	3.37776918826	1.0734772412	0.322605492591	0.0905262972062	0.0982707403894	0.396749263064	2.37675997685	0.928006581414	1.70785630193	5.62526151198	0.135363415634	1.68309309175	3.68332291385	0.0234882216537	0.0	0.156996904526	0.25926856656	0.0	7.34025901686	0.0	1.61721186467	1.05928723537	0.899309769613	1.53531903102	0.0	0.814948534943	1.85141296093	0.260787887184	0.238172317889	1.2756683243	8.26366539636	0.46897837275	0.36493790999	0.865220755608	1.20257329426	1.18946568887	0.0673272876718	0.616370953328	0.714351293601	0.0	0.180647354246	0.108724484686	0.0	0.0	0.477011236052	0.285497637339	0.242736219764	0.11759026833	0.130596233675	0.19564652041	0.424562334495	0.161735046473	0.0	0.0	0.0	0.0	0.0647990246324	0.0219677130287	0.0	0.0	0.0	0.0	0.0
0.0	1.57501582597	6.26625510549	1.59823802488	0.0	1.71416811943	0.0	0.0	2.03211660449	0.0	0.805587862138	2.02884030465	10.3698575126	0.0	0.705824866828	3.20735014926	0.0	0.0	0.0	0.0	2.29531939212	1.61340682417	0.352392513438	3.2616469467	3.12524835312	0.0	1.91785480986	0.0	5.30281525077	2.30451179169	0.0578395562815	0.0	0.0	7.25556365897	0.98358005377	0.412260360624	0.0	0.0	1.46403033119	0.0	1.12676574704	1.11573084756	0.0	0.737803965321	0.0	0.0	0.367117772745	0.365939242801	0.0	0.0	0.364768082856	0.0	0.0	0.36360429291	0.362448542965	0.361299493019	0.114459444621	0.0	0.0	1.0703383497	0.0	0.0	0.0	0.0	0.0	0.0	0.0
6.68985700396	0.0	9.4370352094	4.64944323975	1.28660694687	0.489650071434	0.909411138348	0.543752883969	0.0	1.07042825661	1.23036417542	1.67946314744	5.58528596469	0.0	1.45511766132	4.83986354309	0.159415039075	0.318466278334	0.0	0.29660904943	0.0	2.97702488874	0.828266779536	3.0472348531	1.69172354121	0.141985287923	1.51537243074	0.27988377792	1.8958390376	1.55269081179	0.446328653426	0.70831484043	1.09667624328	4.92810709829	0.0	0.0	1.15647541293	0.63578539725	0.641152634525	0.484905033843	0.0	0.480903915874	0.0	0.0	0.119778539196	0.11970985923	0.119641179265	0.83557677583	0.119095819542	0.119433099371	0.0	0.000673039178338	0.0	1.06358746008	0.23544240048	0.117621580291	0.0	0.0	0.0	0.0	0.0	0.0	0.0	0.0	0.0	0.0	0.0	0.0
7.83633276621	0.0	7.0533204898	3.67433409704	1.03771206631	0.263409662984	0.209758004045	0.296749094752	0.341153370427	2.26965230119	0.710127550677	1.18146671706	5.34949598837	0.459278652125	1.53347724132	2.54832959956	0.067212440726	0.00861796504214	0.341632230596	0.0689038383231	0.0	9.51945036037	0.255816900303	1.85557625502	1.52419673804	0.916251323438	1.05503107243	0.137695068606	0.713618951905	2.74996147073	0.0	0.0480710749691	0.601978292499	6.55311171325	0.331445067	0.300789046179	1.00771775572	0.277033717793	0.0769978171805	0.0726618556494	0.0751148065153	0.292504903254	0.0	0.0	0.0	0.0	0.0224254219162	0.374092602055	0.373495751844	0.593530619516	0.390828557963	0.263302022946	0.934108529737	1.78616223052	0.31002745944	0.194914718805	0.0511889100697	0.0243149875832	0.0449690408741	0.0	0.0	0.0	0.0206508792898	0.0	0.0	0.0	0.0	0.0	0.0
6.38121085406	0.0	9.64592524455	4.51859577233	1.33020934421	0.138176431879	0.0	0.350617927145	0.0	1.00228750587	0.766975621881	2.21107490994	5.30707538361	0.471144567726	1.40042630959	3.56978124009	0.077837861626	0.0580197513962	0.196886802935	0.551627728047	0.230333486445	8.46544582653	0.0	1.90633006018	1.06861947317	0.460593472928	0.677552765966	0.052864043938	0.275648664105	2.05950398466	0.149575226259	0.290737156667	0.99647750874	3.63096820993	0.275116664367	0.248149177662	0.0	0.437907884112	1.21623540039	0.00831662589989	0.0782676614139	0.225105889023	0.0	0.0	0.130209035807	0.0	0.0945293533968	0.231068486083	0.612631297973	0.161461220399	0.0737554636385	0.773730618549	1.38391331773	2.81752661096	1.61039120607	0.426540589716	0.67184706878	0.0	0.199590901602	0.0562540022668	0.0	0.0249283877103	0.0	0.0	0.0	0.0	0.0	0.0	0.0	0.0
0.0	0.0	9.1990391392	4.02471807334	1.20925716103	0.539102715138	0.0971137486847	0.0046493189433	0.878546435774	1.85216892131	0.729389714591	1.76691926636	8.66717842029	0.174713157682	2.78488122847	4.58843647547	0.145266633241	0.0	0.0	0.505080243115	0.0	6.61259570591	0.0	2.38939013745	0.667606967237	0.220244723622	0.0	0.213391807243	0.488599021824	1.04338704867	0.0	0.148722911415	0.53911833513	2.36919064812	0.182944183332	0.182836973389	0.0	0.48584422328	0.308665946901	0.0	0.0	0.0453018810625	0.0	0.135866238208	0.0	0.0	0.0	0.277243493504	0.252569586542	0.477151697873	0.700281149971	1.25578343644	3.17841982052	5.25423862366	3.66457786364	0.685356957857	1.42640344629	0.0	0.312051225112	0.315755293155	0.0	0.0	0.0	0.0	0.0	0.0	0.0	0.0	0.0	0.0	0.0
2.3268888954	0.816933633494	6.78497787819	4.34256497804	0.864324035438	0.380092335584	0.0818006433538	0.0538934422096	0.385587375809	0.857030435136	0.505792100737	2.1145608867	3.32255533622	0.0441608418106	0.839570434423	2.585246506	0.0297041052179	0.0	0.138332165671	0.135206645543	0.0	6.39316826212	0.0	0.905767237138	1.18661764865	0.465780979097	0.275281211287	0.0645694586474	0.338359693873	1.44256325915	0.073748163024	0.0	0.524424981501	1.12536004614	0.062316218555	0.0525111141529	0.0285787451717	0.150308646162	0.427757777538	0.0261017290701	0.0260984890701	0.208671848556	0.0	0.106688164374	0.0615530905237	0.0	0.11585088475	1.55458086373	1.24238885094	1.13271844644	0.734738430125	1.97025848078	2.64603610849	8.97451236792	6.55205786863	2.01872168276	2.48422330185	0.0	0.555265462766	0.624466825603	0.163469526702	0.476717779545	0.167844246882	0.0	0.0306994332587	0.0	0.0	0.0	0.0	0.0	0.0	0.0
5.44159528162	0.0	6.34145169512	3.20259034804	1.41820752127	0.100209291503	0.0211262003169	0.237709173565	0.443953156659	1.45410162181	0.408531366128	2.92723434391	11.2966041694	0.463518616953	2.66351453995	3.04440664567	0.0604868519073	0.0196921882954	0.581227468718	0.0354511365317	0.0	2.88855164333	0.0	2.43730943656	1.42573382139	1.02766481542	1.82814632742	0.0789173811841	1.15128301727	2.60721693911	0.193577022904	0.0882015213228	0.739402411089	2.68491814027	0.151427552272	0.191615512874	0.413446456201	0.359037365385	0.798678411979	0.101926981529	0.0509496937642	0.0362694665441	0.0	0.0724944760874	0.0254510123818	0.0	0.115437821732	0.248794223732	0.304151584563	0.365006575475	0.149695992245	0.586438208796	0.430875206463	2.91607264374	2.61510093922	1.33926532009	2.51881393778	0.00861436512921	1.29542881943	0.472091737082	0.0	0.0	0.0238740663581	0.0	0.0487932737319	0.0	0.0	0.0477142607157	0.0	0.0	0.0	0.0	0.0
1.90963647396	0.0	8.23353545662	5.79567961749	1.17841292223	0.498886507074	0.0490408327633	0.294898120537	0.0	1.41912750634	0.420410992253	1.57460889607	5.22394825522	0.262463922677	1.64195629163	2.74056761912	0.0	0.0	0.167980728913	0.0	0.0	8.88525341355	0.0590389721035	1.61412489347	1.55450309741	0.49651924723	1.01700413287	0.0887600341422	0.500582586961	1.76199908371	0.0797838347342	0.0735390491464	0.640227237745	2.70211722166	0.128953131489	0.0174619268475	0.596263840647	0.390658554216	0.374726355268	0.0	0.0439966230962	0.208550486236	0.014652517033	0.0232049924685	0.0292826120673	0.0179484028154	0.015120271002	0.722197772335	0.494718087348	0.846256544145	1.16697992298	1.52690849923	1.65860629053	6.53986796837	3.81198394841	1.51756229984	1.94608147156	0.0269640442204	0.584350581433	0.302138280059	0.0	0.0549886563707	0.028120738144	0.026848234228	0.0	0.0	0.0	0.0	0.0	0.0	0.0	0.0	0.0	0.0
4.22351960417	0.0	7.5608992914	3.9596846289	1.16831239051	0.486472454408	0.0	0.0	0.486842204373	1.23008238472	0.682574936029	1.18529988891	5.02826952875	0.390811463373	1.50539985892	3.36564718457	0.0678664436396	0.0173885233703	0.277838223961	0.0	0.0	7.29357681644	0.0	1.7573773353	1.00889240545	0.565757946977	1.07205739953	0.0843592420935	0.56712144685	1.28389487967	0.0	0.140357986846	0.908309914875	3.04613221452	0.0798209925195	0.000615503942315	0.186035232565	0.14800048613	0.555522697936	0.0442639458516	0.0663814437788	0.110597239635	0.0	0.0	0.0333057718786	0.0	0.210705730253	1.19864988767	0.131168237707	0.687557935562	0.433150459406	1.56923235293	2.04604480825	7.86907426253	4.37381959009	1.60233734983	2.47420476811	0.0395898712896	1.24553988327	0.40898696167	0.0266687225006	0.0266591975015	0.0	0.0140430736839	0.0532769950069	0.0	0.0	0.0	0.0	0.0	0.0	0.0	0.0	0.0	0.0
4.24393785784	1.47035647358	6.17294662961	3.89328153569	1.16656174102	0.370324357788	0.108504415912	0.205123194462	0.100490217691	1.46445127489	0.456717338608	1.5189204628	3.97663071719	0.398727831483	1.40328648847	2.20529151042	0.0294385934646	0.0421254226481	0.3653136789	0.228948429173	0.0	5.986511071	0.00820883417767	1.90836717635	1.28091131564	0.41693514744	0.941388991015	0.0	0.41526770781	1.45651687665	0.0	0.0	0.461824537475	3.14692370139	0.174060481359	0.187423558392	0.0	0.305516132175	0.420695626606	0.0464359896912	0.0	0.108223215974	0.0	0.46873825594	0.0693657166008	0.0421372026455	0.283429777079	2.56444463069	0.28031833777	0.624073861456	0.459102978079	1.63969203599	2.26052829816	8.09886220207	5.34855201262	2.35666067682	2.10850553191	0.0399130631393	1.30481331033	0.845917812204	0.0	0.0986434181014	0.0	0.0	0.0	0.0	0.0197123436238	0.0	0.0	0.0	0.0	0.0	0.0	0.0	0.0	0.0
5.07171180391	0.638292144639	5.92380903656	3.00409281	1.06770489031	0.492042993363	0.135579263372	0.0	0.0	1.80623484525	0.64944097245	1.92026412286	6.23917787462	0.350105071239	2.48597531175	2.87074423618	0.0624436767361	0.0633983225486	0.0916138120074	0.176135155407	0.0	4.03742490705	0.0847785233495	0.833178336367	1.34324933618	0.891759924856	1.39066592687	0.053080170575	0.864748330161	1.84964743673	0.121191816198	0.0	0.934564216455	2.66573947645	0.463790928911	0.289217333198	0.420210477471	0.453431350946	0.610511320096	0.00614572299298	0.0147980110936	0.22286182623	0.0	0.0	0.195259641651	0.0	0.313327568462	1.86648733342	0.463519118965	0.721148748366	0.583333405433	1.08512998688	1.9903110091	6.36314785027	3.69579907414	2.74230056142	3.13985918333	0.0	1.60934588392	0.958395711774	0.0378374075687	0.0561687939684	0.0126055905243	0.0366425218034	0.0	0.0	0.0	0.00288378803363	0.0	0.0	0.0	0.0685043455457	0.11644553713	0.341785222874	0.0	0.0	0.0
4.81987786271	0.0	4.79081505992	3.04192229202	1.26136932109	0.342469952877	0.073156207023	0.0	0.0435842981841	1.22997431808	0.579145375598	2.9781182859	10.176660977	0.53270729114	3.03169649104	3.90596737497	0.0384490896911	0.0	0.254640384445	0.085054328165	0.0	3.29801971661	0.0	2.31358942211	2.44567463479	0.925813288881	1.18616951387	0.0	0.876657684162	2.13870560532	0.0845629281182	0.121313411646	0.769432633865	3.05201549299	0.225362301635	0.233514862417	0.0	0.545050792325	1.04197870003	0.0793930876214	0.055561667334	0.220956081212	0.0116950091227	0.117798731308	0.0363208594868	0.0	0.249738863975	1.79556797237	0.213262940473	0.426906520983	0.169862176307	0.459800684141	0.931569689427	3.53309613918	2.97776728586	2.58340704801	4.3208884148	0.0337945952443	2.23347561441	1.02069249798	0.0561213953876	0.0	0.0	0.0	0.0	0.0	0.0	0.0	0.0	0.0	0.0	0.0	0.0	0.0288528267699	0.0	0.0	0.0	0.0
3.7687329503	0.0	4.45118996967	2.83500863424	1.34139574842	0.30316079534	0.078684283645	0.0526029973696	0.0	1.43704890909	0.534591990175	3.65914419536	12.4718038716	0.486372780004	3.28729924826	4.98884004859	0.0688848116745	0.0385733141386	0.235049393347	0.0764392625682	0.0	1.95747699508	0.0	2.24419157719	2.64171941373	1.01011728464	1.45505300169	0.0409294881698	0.894216432295	2.12567582592	0.0948284010064	0.0	0.874656040345	3.83085852475	0.298449237277	0.23368269391	0.507977691119	0.642768225694	1.03690617362	0.0421114856838	0.0726136101413	0.140136462376	0.0	0.0	0.0	0.0	0.0	0.502227283485	0.128502927159	0.0974835899146	0.0	0.142406131443	0.232358654454	1.26856567836	2.41130810847	3.17770259333	6.54221640984	0.0176392707467	3.02029515806	1.18164201411	0.011473718282	0.0	0.0	0.0	0.0	0.0	0.00698669392707	0.0	0.0	0.0	0.0	0.0	0.0	0.0	0.0	0.0	0.0	0.0	0.0
3.55274436949	0.0	3.76295239134	2.48812825877	1.30499213572	0.160592816702	0.0551162457321	0.063278166581	0.0784663281605	1.18623212337	0.467587248629	3.65280037989	12.6407213146	0.523628054458	3.25957633899	5.00845652088	0.0951248098928	0.0244273625405	0.159413616579	0.0757779278809	0.0	1.15828012046	0.0	1.71351217821	2.40982425062	1.05598410982	1.44256015002	0.093228809696	0.970696100952	2.14790422338	0.115909612054	0.0970088100888	0.91765609544	3.43632835738	0.348020036194	0.224670423366	0.0	0.565188058779	1.15623212025	0.0510793653122	0.0717244074594	0.0539177656074	0.0	0.0	0.0	0.0	0.0	0.111675211614	0.0710796873923	0.0118644012339	0.0	0.0	0.0583993660735	1.06512011078	2.7374802847	4.49786446778	8.83128091848	0.0325075233808	4.1749844342	1.78810418596	0.018971281973	0.0	0.0	0.0	0.0109267211364	0.0	0.0	0.0	0.0	0.0	0.0	0.0	0.0	0.0	0.0	0.0	0.0	0.0	0.0	0.0
3.39083805928	0.0	3.78197084305	2.36913650168	1.15832425193	0.189020782156	0.01975841018	0.04265103423	0.0	1.17808825111	0.442708721628	3.37230526005	10.7521015538	0.474247690319	3.1107238709	4.45162211526	0.0897650062748	0.0286394928115	0.128316954675	0.0661529402547	0.0	1.03545535703	0.0	1.68871222992	2.28081410534	0.960044360156	1.52384483676	0.0626341384007	0.907021762359	1.90516852094	0.0971999959662	0.0641965473358	0.808262516457	3.20314486707	0.317628526818	0.243792979882	0.318010846803	0.695326651144	1.2674312474	0.055783401685	0.0791750667142	0.0584467625745	0.0060747243479	0.0	0.00476679310218	0.0105111265638	0.0	0.12360842487	0.0903320062513	0.00958051760237	0.0	0.0	0.0744010889124	1.37426214297	3.09598187152	5.32328737908	10.699694556	0.0210018411284	5.20819448386	2.14561701096	0.0267231948909	0.0	0.0	0.0	0.165365543138	0.0	0.00213083451157	0.0	0.0	0.0	0.0	0.0	0.0	0.0	0.0	0.0	0.0	0.0	0.0	0.0	0.0
3.11229547329	0.0	3.47105388923	2.25966716009	1.18886951558	0.139395163902	0.0342446966118	0.035231813206	0.0038326905069	0.99194639705	0.38509765179	2.87016572755	9.82647591458	0.420173992903	2.8489851148	4.11796867861	0.0655043454271	0.0	0.215163209507	0.0109948946178	0.0	1.14767269078	0.0	1.8466575115	2.35577941794	0.919122153221	1.3472362109	0.0533901501356	0.819342853163	1.84006470753	0.0792295136882	0.0970511584152	0.902238343053	3.02677762182	0.278058067363	0.251829531576	0.300423580825	0.771275244231	1.34619481027	0.0627227397528	0.0592510216632	0.0461088737529	0.0	0.0	0.0455991614461	0.0	0.0	0.152111731556	0.073214892068	0.0568305442063	0.0	0.0	0.0943164567694	1.50935850849	3.08697385805	6.13176689071	11.8984531617	0.0329035858046	6.07461285631	2.58565835631	0.00243261346419	0.0101316800983	0.0	0.0109343785814	0.546295808815	0.0	0.0	0.0	0.0	0.0	0.0	0.0	0.0	0.0398995840156	0.1010134008	0.0	0.0	0.0	0.0	0.0	0.0	0.0
9.4828336259	5.25335254672	0.0	0.245323946192	1.01904086725	2.01384573292	0.498505502901	0.0	0.0	0.0319503541087	0.0	2.90553969176	5.62203027105	0.0	0.453917069959	3.5121867318	0.0	0.43226485853	0.0	0.0	0.0	0.254557696801	0.0	1.13540687494	0.747794359354	0.775962901213	1.5121106998	0.0	0.731868318304	1.8408488215	0.0	1.10804177313	0.367206134236	1.61046570629	0.0	0.0	0.0	0.668954314151	1.35656038953	0.0	0.0	0.0	0.0	0.0	0.346165632847	0.0	0.0	0.226615744957	0.339677522419	0.0	1.21580898024	0.0	0.24499609617	4.75041401352	1.91325802628	3.4924410305	11.3290857477	0.0	5.44158825914	2.33372775402	0.0	0.0	0.0	0.756930169958	0.184516482178	0.0	0.0	0.0	0.0	0.0	0.0	0.0	0.0	0.0	2.08142433737	0.0	0.0	0.0	4.76278101435	0.0	0.0	0.0	0.0
3.2386879449	2.22638691207	4.46930502794	0.0	0.250812297687	0.0	0.0	0.24995885749	0.737207689557	0.482815311047	0.0	2.17590290046	10.1430023329	0.445677222506	2.40025015206	2.47646336959	0.0	0.0	0.213290329057	0.0	1.11596545667	0.0	0.345877639552	1.64765197896	2.7326130285	0.192843884354	1.4960907441	0.0	0.683031877098	2.62240500315	0.0	0.143687913048	0.696214840129	1.38125431769	0.0	0.540887044404	0.893264605447	0.877170201751	0.875675001407	0.348814280228	0.174096760042	0.521055479843	0.0	0.0	0.0	0.0	0.0	1.18734027309	0.0	1.68989558868	0.164499757835	0.352552281087	1.4278239284	3.12372551846	2.36476014389	5.31534482253	12.7284389276	0.0	3.85901968758	2.58751979513	0.0	0.360960683021	0.120123387628	0.0	0.259532339692	0.0	0.0	0.350503520616	0.0	0.0	0.396680851237	0.0	0.0	0.0	0.0	0.0910644209446	0.434597619957	0.158872596541	0.228383452529	0.0	0.0	0.0	0.0	0.0
9.71404908417	0.0	3.53210484895	1.70873695938	1.84297737763	0.390442162221	0.0	0.0	0.32356420295	0.767714432462	0.0	2.33617257727	8.9588245441	0.671115391291	1.89560084558	3.79213669059	0.174636643646	0.174444543764	0.0235840006374	0.308602512061	0.0	2.63615439458	0.0	0.138445365687	0.485984654035	0.302581115728	2.02600776617	0.0	0.66499114502	1.05968585465	0.0	0.134839667882	0.13348051871	1.87016886107	0.281178978762	0.42083814371	0.826394996725	0.714217165041	1.81650839375	0.0	0.0	0.22632256217	0.13446651811	0.0	0.134239568248	0.0	0.538638721969	1.67484748002	0.0	0.0	0.0	0.299915517351	1.06620535068	2.46499849881	2.23887313652	3.52998835024	9.97142892743	0.0	4.75396210484	3.71349473848	0.0	0.0	0.0	0.31497410818	0.0	0.844967485415	0.0	0.0	0.0951276920674	0.0	0.853093480463	0.0945063424456	0.659974448076	0.201857877069	0.0357798782101	0.0935611430211	0.0	0.560211708831	0.37238052322	0.0	0.0	0.0	0.0	0.0	0.0
0.0	4.55631380313	0.633579977001	4.29320543759	0.54015474924	0.0	0.268546144821	0.0	0.0	1.95749734357	0.261351385763	3.81278370053	8.15847493124	0.0	3.25153917405	3.69752651562	0.453699820565	0.226385510344	1.27042623357	1.03401226454	0.0	0.0668902752374	0.954574074947	2.94619621405	1.26581663417	0.580831883911	1.71238017568	0.189625675159	0.0	1.6328043861	0.18580125566	0.0	0.498031094758	1.55607519615	0.634793436842	0.356617873283	0.0	0.0	2.27044270257	0.0	0.173369097288	0.0	0.0	0.0	0.0	0.344755034837	0.269890324645	1.0282846653	0.256068406455	1.51441680162	1.1641130475	0.0	0.410551046218	0.919855879497	3.11649339174	3.5404733362	10.6246966082	0.133355022531	6.02104841124	1.99342813886	0.0	0.37702309061	0.0	0.0	0.0	0.0	0.0	0.0	0.122066664009	0.0	1.129730252	0.120909104161	0.156331639521	0.962013073976	0.119860764298	0.272964824241	0.0334133176229	0.595430381999	0.948261675782	0.384818129589	0.0	0.0	0.0	0.0	0.0	0.0
0.0	0.0	4.29654625476	2.5222686451	0.0	0.615767594531	0.0	0.307118632434	2.19984671604	0.521731925219	0.598856538252	3.25956738289	8.59123940992	0.834266306461	2.37696997707	4.74627525582	0.265729261539	0.265348201623	0.570685074449	0.0	0.0	0.724964750508	0.0	0.836883265885	1.38069839625	0.929055395611	2.55117873874	0.0	1.48141827409	1.35753900134	0.0	0.11608929446	0.558487677133	2.95444975002	0.0	0.0	0.0	0.208270124181	1.57793605285	0.0	0.0	0.2095490239	0.0	0.199998166001	0.0	0.0	0.192839807575	0.502338759486	0.0	0.0	0.0877029407051	0.702858055371	1.40337929125	2.11847563393	3.01977803565	6.61202464535	13.2661050815	0.0	6.47128477631	3.39041535411	0.0	0.0	0.0	0.0	0.0249622085083	0.293269105481	0.0	0.0239935507214	0.0	0.315732500539	0.0	0.145198618056	0.315068690684	0.193982987324	0.288028226634	0.0	0.0	0.0	0.143623048403	0.430203595355	0.0	0.0	0.0	0.0	0.0	0.0	0.0
0.0	0.0	0.0	1.30228550493	0.856622737466	0.485682524545	0.242364302308	0.0	0.24204662233	0.0	0.237085182693	4.09233410126	6.8122379027	0.222811583735	3.61056933643	2.54454621425	0.212817424464	0.0	0.286125819113	0.284606939224	0.0	4.3165052849	0.172244147427	0.847300898147	3.20039256637	1.29208630568	1.78243986988	0.362123493565	1.38529589887	1.81500866751	0.352802534245	0.212439024492	0.945454330982	0.670653231042	0.675964030655	0.505357563109	0.237338622675	1.61822308187	4.35040288242	0.0	0.0	0.31822029677	0.0	0.0	0.0183676226591	0.0	1.25988710803	0.717880187595	0.0	0.0	0.997840727154	0.0	0.0	4.75089085318	1.89920706136	8.44740098334	9.49704730674	0.0	6.90421549599	4.46216287426	0.0	0.25657718127	0.0	0.0	0.0	0.0	0.0	0.0	0.0	0.0	0.0	0.0	0.463435246169	0.817325460335	0.369905332997	0.369167013051	0.0921764732715	0.0	0.184124146559	0.0	0.0	0.0	0.0	0.0	0.0	0.0	0.0	0.0
0.0	0.0	2.21439911747	2.22698371189	1.14601689152	0.445580972295	0.0991415060109	0.0	1.56146870718	1.05889483017	0.432491748104	2.04140989423	9.2234219076	0.536591441914	1.0423586375	4.82612075865	0.127423913462	0.0	0.445259682439	0.0	0.80601746237	0.0	0.0	0.0	0.0	0.624890082737	1.51612322729	0.0	0.939608183097	2.62402143572	0.0	0.0	0.990151260669	3.42172808178	0.352771813475	0.863370816923	0.468744992018	1.1827738752	3.18244278795	0.0973134468216	0.388718897525	0.290979140892	0.0	0.0	0.0353416173189	0.166622166069	0.0	0.990471660527	0.163698517367	0.886033766867	0.0204154339417	0.624027673119	0.0	3.36205360825	2.71272769636	5.99525983991	14.6266095102	0.00558721282095	7.91353828876	2.95067799078	0.133387800816	0.0	0.0665809594581	0.0	0.0	0.0	0.0	0.130723141998	0.130193592233	0.324777765897	0.636560647558	0.0	0.0	0.758851043298	0.567241248315	0.0	0.0599295474093	0.122531585633	0.188250046473	0.0627054561776	0.0626832061875	0.0626609561973	0.0	0.0626387952072	0.0	0.0	0.0	0.0	0.0
0.0	3.02977877477	1.74788144697	2.03556652053	1.4207133633	0.0	0.201592851551	0.201321951482	0.741679389662	0.222520556903	0.349314389327	2.28641458469	5.32605736198	0.922365235863	2.44887362623	3.65468493458	0.0	0.0	0.0	0.0541727238531	0.259185666279	2.91408374519	0.0	3.62063792587	2.35136760129	0.908397232299	1.58399140505	0.0	0.608408255582	1.76683545182	0.0769514596781	0.437618811908	1.09004427875	4.92697025993	0.413855205831	0.275269570392	1.19697330609	2.21680856688	4.26976309186	0.0	0.254905265184	0.127290632551	0.0	0.0	0.0933201238635	0.0	0.0	0.0	0.0492931026052	0.0981432250974	0.33892388667	0.170550043613	0.0199845051105	0.0817253308988	3.36056485936	5.39951538076	14.1204636109	0.0	5.77463547669	3.29356884223	0.0	0.000306295278326	0.0876763124206	0.0	0.0	0.0	0.0	0.0909153232488	0.16916944326	0.0	0.929988237816	0.0	0.251117164216	0.335978185917	0.494396226427	0.0822411210307	0.164257242004	0.0	0.0	0.163361741775	0.0816141808704	0.081569810859	0.0	0.0	0.162652541593	0.161772341368	0.0	0.0	0.0	0.0
4.05098304479	0.0	3.57235947494	2.32123695376	1.2617968205	0.0	0.0	0.0	0.0	0.772752841317	0.49397799888	2.42189204742	6.76711447367	0.578231253572	2.87506291887	4.17966613668	0.109620413094	0.292352041582	1.01606043599	0.538524316073	0.0	1.86143218273	0.0	0.92768124156	0.833253277505	0.353508587729	0.679145697214	0.156133240164	1.03827353459	1.46110500795	0.0	0.226244185747	1.39452031215	2.61389293533	0.711349685185	0.265982973243	1.52471400394	2.85095702039	3.56146677563	0.0828564047801	0.0	0.123194882239	0.0826530197929	0.0	0.204692657104	0.0	0.0	0.0	0.201946277277	0.0	0.434456722629	0.0	0.787823350367	1.59922479924	2.14981116456	6.6301321823	13.270529164	0.0768282011598	8.70525965157	2.4317655468	0.0	0.200224557386	0.0	0.0	0.0	0.0	0.0546946365542	0.0959467539558	0.127537401965	0.0	0.183931008412	0.0538030186104	0.0910937242615	0.713274335063	0.291498461635	0.211793386657	0.105796593335	0.114070312814	0.263869953376	0.0	0.0	0.0	0.0	0.0	0.0	0.0	0.0	0.0	0.0	0.0	0.0
2.67373188637	0.0	2.76133429575	1.92624100631	0.742667319544	0.0	0.0751453320485	0.0	0.21464798299	0.396210002437	0.0600651504334	1.75589378807	9.10670377538	0.168458458043	3.50876997581	2.93067871389	0.0646688309264	0.0	0.0512526534895	0.0	0.0	2.6469138835	0.0	2.70960269021	1.76822178939	1.00194450732	1.20668132924	0.223528743941	0.749989600328	1.75976698848	0.250603426841	0.201846181619	1.78158939082	4.15153724465	0.659615230649	0.332983915665	2.33891625052	2.61841228044	3.09110833108	0.0941997300896	0.0470796250425	0.0	0.0	0.0	0.0124503613335	0.0	0.0	0.330841235435	0.134133254367	0.0	0.0	0.0	0.0	1.8141021943	2.38145705507	6.10582905397	10.2550570984	0.0264123748289	8.42988730289	4.18192484791	0.0	0.0	0.0	0.0	0.0	0.0	0.0	0.0	0.304496112613	0.0977398904687	8.19622567786e-05	0.0	0.201355821567	1.29097173827	1.54741256574	0.18588785991	0.109435851721	0.0335478955932	0.109126731688	0.0	0.234706745138	0.0417170364682	0.0251093786893	0.0	0.025105606689	0.0501997133767	0.0	0.0	0.0	0.0	0.0	0.0
0.0	0.0	0.463200401364	0.0	0.832517312586	0.0445012393274	0.103557349126	0.0	0.282783210308	0.836459582172	0.182511550836	3.06686997798	7.2808855355	0.609913465959	2.17925017118	4.55539992168	0.0	0.628994273956	0.0915038993921	0.388025719258	0.0	2.34725465354	0.0	1.78915241214	2.03696018612	0.731118493232	1.84315750647	0.0	0.597456117267	2.16122677307	0.12009739739	0.0	2.63797262301	3.14500856978	0.179891741112	0.531185254225	1.99575189044	0.910791684367	2.99251648579	0.0	0.132981616037	0.53095089425	0.0	0.0950348300211	0.0	0.42704944516	0.0	0.864712049205	0.322542566133	0.0	0.0	0.0	0.313312317102	1.96926549322	3.43336433949	7.99818516019	12.3003647084	0.190483509999	7.86433957424	3.8200024989	0.0	0.302473168241	0.0	0.0	0.0	0.0	0.0244902454286	0.0	0.339388584364	0.415138006411	1.04543149023	0.0774593198668	0.166394652529	1.46841404582	1.74374981691	0.224199726459	0.435729134249	0.361944801996	0.0404335127545	0.166806642485	0.197181369296	0.101125399382	0.0	0.0	0.0305703987901	0.0	0.0305652837907	0.0	0.0	0.0	0.0	0.0	0.0
2.50356686842	0.0	1.0677268027	0.0	0.748730401397	0.745256162691	0.0	0.0	0.815850136422	0.703071798387	0.12079935505	2.24678716397	7.14744714044	0.189415569519	2.63730061866	3.31393116689	0.0	0.067274928967	0.0942434249324	0.0142471046987	0.0	2.27765675249	0.0	2.66658160776	1.48897824595	1.13835837642	1.40799727608	0.0929681274066	1.16858876517	1.87779030127	0.0	0.319292501192	1.80249632929	3.36380754832	0.848851644142	0.422749802695	2.14621660139	0.835224469213	2.44763688923	0.0	0.0	0.0	0.0796836763497	0.0	0.0	0.0655520036081	0.0	0.231354593913	0.173541795425	0.344140451946	1.46803505375	0.118634535856	0.384892256782	0.319284981194	2.99190608671	7.69863473534	15.2294043331	0.0655386556131	7.05408637517	3.04509126692	0.149978824193	0.0	0.0	0.0	0.0	0.0	0.229006474787	0.0	1.10742298793	0.995187029687	0.83668334867	0.0501916573237	0.617124810367	1.40128567858	1.31285991148	0.133633170275	0.339685793603	0.253388185714	0.124482273681	0.00118205896016	0.248546247516	0.125117713444	0.0	0.0	0.0	0.0	0.0	0.0	0.0835991508928	0.0	0.0	0.0	0.0	0.0
7.580428916	0.434172737914	1.02489785344	0.63370405938	1.01532185481	0.145163779242	0.144703029307	0.143489879481	0.573931017928	0.422411739595	0.140365329927	2.63651562298	8.44232579275	0.0	1.73108025246	3.06794856128	0.0	0.0	0.0	0.611208062597	1.47331678932	1.56580877609	0.0	2.56672863296	2.22875668128	0.510916576939	0.864782026337	0.314720704995	1.47078978968	1.54598227893	0.0	0.333186802355	1.28204381667	2.78680560148	0.137400380352	0.352383449609	0.0	2.01210921226	2.63389362335	0.0	0.177318424644	0.0	0.176970724693	0.265786211992	0.0	0.20538807063	0.0	0.0	0.0	0.0	0.0	0.0148945728701	0.347719900276	2.4972076429	2.71702811147	5.73714417959	12.9107831538	0.354034549373	7.15610197668	2.90328508483	0.109488434343	0.120440032777	0.0	0.0	0.0	0.0	0.0521604075411	1.19060632974	1.09661334318	0.647109507463	0.555969370496	0.146280029082	0.672286403863	0.953676363627	1.30527131334	0.111780784015	0.493405229444	0.46838793302	0.0	0.277802760274	0.415637290564	0.0	0.0	0.0	0.0	0.0	0.0460719534118	0.0	0.0460562784139	0.0	0.0	0.0	0.0	0.0	0.0
1.0779260238	0.0	3.21995407623	2.04289848703	0.79681892191	0.310498451636	0.0752786617278	0.0794592682687	0.795452842387	1.2366715684	0.309865811857	2.06806007824	5.68159481712	0.427885290668	2.31752559118	3.13772050494	0.0695198157376	0.0	0.680520722498	0.012773563542	0.0927342396357	2.90796378512	0.340101001305	2.35005997983	1.44607629532	0.589005874437	0.526171976366	0.0	0.812254756524	1.3277851366	0.0695736717188	0.427301610872	1.85105215399	3.79213307654	0.413863535561	0.465934877388	0.0779625327911	1.66694341824	1.26213075951	0.153286986503	0.153127626559	0.1487087481	0.0	0.139258511399	0.07830957267	0.0596451631838	0.027183446513	0.0	0.0	0.156838025264	0.074682021936	0.217465844104	0.291754458178	2.22382962389	4.06775858035	6.63215768537	13.0126034586	0.337601162177	8.31842589687	3.82671226448	0.0	0.130334354513	0.0	0.0	0.0	0.0	0.0816808994934	0.0	2.36111917596	1.18558038623	1.24228756644	0.168687301128	0.304389973768	1.43083150064	1.70408580527	0.464613917849	0.639518176808	0.564721722912	0.0	0.115629079645	0.590734833833	0.313668370529	0.0	0.0	0.0	0.0232946798701	0.0	0.0	0.0	0.0	0.0	0.0	0.0	0.0	0.0	0.0
0.0	0.0	3.32370615665	2.10510443257	0.750697811243	0.585038243593	0.0	0.135841757273	1.19278031509	0.367214967791	0.0	1.38512168202	6.89127039816	0.547979380697	2.5991159045	4.03388220379	0.0	0.260219080556	0.0	0.337168237334	0.353114072883	0.0	0.0	2.84318738943	0.631026929597	0.813111512963	0.0	0.317996180662	1.03454416003	1.83473623849	0.196083628238	0.334640416455	1.70167159219	2.03623440861	0.226948068978	0.0	1.05742646799	1.17255580805	1.64648827298	0.398954348836	0.09959769466	0.205641041563	0.0992048445233	0.0435212961454	0.0	0.0370657498989	0.317521850498	0.0	0.385204594051	0.170687079399	0.249032066663	0.415368694548	0.93433730515	2.59548810323	2.53702618288	8.16734464224	11.4012869677	0.120059851781	10.341949599	4.45031304871	0.147726201409	0.0547395440493	0.0	0.0	0.0	0.0	0.0	0.0	2.61054250847	1.30340885358	0.460754040342	0.279502687267	1.03065445867	1.28099214578	1.60569975879	0.312657298805	1.17967561052	0.640874373024	0.226797718926	0.113083609353	1.40942989048	0.493761211829	0.0360993385626	0.0	0.0930572733839	0.0	0.0	0.0	0.0360327965394	0.0	0.0	0.0	0.0	0.0	0.0	0.0	0.0
2.73725732353	0.0	2.89039210807	0.700448069255	0.642066535151	0.0273116172415	0.0678940991427	0.0	0.481690531349	0.0	0.398379759763	1.35354646329	5.07811448711	0.75603660364	1.41415945717	3.75900522034	0.0	0.0	0.0	0.0	0.0	2.36482796115	0.0	1.27192227153	2.22219877556	0.552104504237	1.28719066999	0.0837253115438	0.373767062249	1.22464707631	0.180562041763	0.0560164023424	2.04694539326	2.70675972662	0.262168593521	0.239144475846	0.0446892694864	1.83282521489	1.81987941619	0.215630358221	0.107701009122	0.114977508387	0.0	0.449912074559	0.0369261022705	0.0	0.0	0.0	0.0784048920811	0.808464638345	0.0	0.76950180228	1.1148772874	2.04780779317	3.5693556395	8.07855078406	13.5020466363	0.477285431794	7.93688199838	4.39815135579	0.174708502354	0.0	0.0	0.0	0.0	0.0	0.0	0.0	2.6247337349	2.96016810102	0.729200286351	0.0	0.447093594844	1.7554346227	1.82792521538	0.401111019488	1.16064328277	0.73326630594	0.117271688156	0.222397257537	1.71280462701	0.389497040661	0.0802185778979	0.0160386783801	0.0653357114011	0.0	0.0	0.0	0.0	0.0	0.0	0.0	0.0	0.0	0.0	0.0	0.0	0.0
6.14020625706	0.0	4.25169260085	0.446965094963	0.579265693873	0.429848988985	0.0	0.291043101605	0.802480941417	0.836566633407	0.142051106618	2.11289710347	6.71400022221	0.132109528955	1.57905952892	2.95634720526	0.0	0.0	0.0	0.0791712713947	0.0	3.49332307907	0.0	2.46670322033	2.47211851905	0.737307276733	0.0	0.0	0.773552158215	1.23581670958	0.0	0.0	1.02983735798	3.0050749938	0.264310137887	0.586973832061	0.0	1.43793506208	2.36470354429	0.0924633052711	0.0923995492861	0.243880502688	0.0	0.477166027866	0.389345128504	0.024306474288	0.153174744004	1.01422506166	0.251218380963	0.510738899976	0.0	0.433198158198	0.0	3.35929691056	2.22333157752	5.80902163488	9.04172727519	0.0	7.39042746325	3.67684923594	0.063923195978	0.468545109892	0.0	0.0	0.0	0.0	0.0	0.0	3.42625059483	1.68119780492	0.559612218491	0.0258188969326	1.04861765358	1.15259732914	3.19901594823	0.666140153457	0.996682265776	0.60587292762	0.0	0.144076646142	1.54377593721	0.638846849871	0.0	0.0322447874224	0.110560204018	0.0	0.0321983564334	0.0138454437464	0.0	0.0	0.0	0.0	0.0138941517349	0.0321520244443	0.0	0.0	0.0	0.0	0.0
4.63607080695	0.0	2.40002041775	0.0	0.711721123882	0.0800021139252	0.000840594146314	0.0	0.472067082168	0.847445147506	0.0	1.75242030503	8.13967141679	0.357227062179	2.52218043901	3.52893061425	0.0681554118631	0.0601121104631	0.0	0.186875032527	0.0	1.85930032363	0.0	1.78530031075	2.04787035645	0.554402096499	1.1352301976	0.108440018875	1.43503024978	1.81246031548	0.0819294142606	0.0	1.82458031759	3.47281060448	0.654228113875	0.0	1.50555026206	1.32706023099	1.84732032154	0.0504107087745	0.151133026306	0.338120058853	0.0	0.0	0.0	0.153727026758	0.0	0.539171093848	0.285908049765	0.561383097714	0.0	0.0	0.473145082356	2.76693048161	2.61686045549	7.33470127668	9.47678164953	0.403868070297	7.88515137249	3.60881062815	0.0779346135653	0.0	0.0	0.0	0.0	0.0	0.0	0.0	2.99509052133	1.95306033995	0.48023508359	0.0	0.444295077334	1.51759026415	2.20576038393	0.512933089281	1.41770024676	0.945142164511	0.139641024306	0.221727038594	2.18807038086	0.612045106533	0.0289823050447	0.0174493030372	0.196916034275	0.0114654019957	0.0	0.0	0.0	0.0	0.0	0.12093502105	0.0169561029514	0.0347156060426	0.0	0.0	0.0	0.0	0.0	0.0
8.44086416613	0.0	3.12538486881	0.239248835887	1.16914587538	0.166240974936	0.0	0.0	0.0	0.0	0.325451338817	1.59347723903	6.90984533647	0.737987920698	2.76955171543	3.20568998085	0.142456481369	0.284485732672	0.119786017968	0.0	0.0	1.00686713103	0.0	1.96250099437	0.309024696354	0.748083882213	0.187045968057	0.0	1.34959250243	1.54396703159	0.119903177985	0.52040055806	1.90016378502	2.11341521701	1.08009416201	0.0238805445821	0.22559868384	1.34953190243	1.01488855224	0.210007311501	0.0	0.284189802628	0.0	0.0	0.0	0.0	0.0	0.352078982812	0.0	1.28681089302	0.634546735182	0.0	0.794140899121	0.183355427503	2.63007069451	7.18288877744	11.0246566537	0.0298307584746	6.97725274659	4.45395926809	0.291593103739	0.478317891747	0.0	0.0	0.0	0.0	0.0389008628352	0.0	3.29705459456	2.80946692142	2.00036590005	0.0	0.29606538441	2.03875600582	2.47577297137	0.756514353478	1.11647436747	0.911206986681	0.221584943238	0.207091441064	2.2373624356	0.69293686394	0.0693208553982	0.0	0.129422429413	0.0345804861871	0.0	0.0	0.0	0.0	0.0	0.0545503101825	0.0	0.0	0.034546853182	0.0	0.0797498139624	0.0	0.0	0.0	0.0
3.94115819117	0.0	1.63916064587	1.72509565876	0.580281147042	0.187251628088	0.0	0.192278188842	0.155361323304	0.729941689491	0.0	1.29172819376	6.28373134256	0.351422692714	2.19901832986	4.4240160636	0.138234500736	0.164235324635	0.300878625132	0.082326864349	0.0	2.11034971656	0.0	2.67938740191	1.74031406105	0.851971447796	1.79453726918	0.106857256028	0.115252877288	1.57820543673	0.135956840394	0.0	1.41462801219	4.25954103893	0.213339152	0.501449415218	0.403436580516	2.11082911663	1.30899679635	0.0	0.118426097764	0.548516302277	0.0	0.21740283261	0.0747130732069	0.0	0.0	0.0491164753675	0.907973536197	0.30700066605	0.0	0.682273002341	0.121300458195	0.703226865484	3.53671793051	6.45085836763	15.2461462869	0.211082911663	6.37924415688	2.40720036108	0.062726643409	0.0	0.0	0.0	0.0	0.0	0.0	0.0	3.11560066734	3.0320116548	1.81990467298	0.01093317764	0.326566308984	1.77145466572	2.57742818661	0.463982769598	1.01109861166	0.809046781357	0.0731216689683	0.317481167622	1.9453748918	0.69360316404	0.0365558874834	0.0730807669621	0.04566652885	0.0728547349282	0.0163501944525	0.0	0.0	0.0	0.0	0.0	0.0	0.0	0.0527847019177	0.0	0.0	0.0	0.0	0.0	0.0	0.0
3.49643608395	0.0	3.35427556186	2.94457268637	0.252475521643	0.488656452216	0.243690656457	0.243267326689	0.0371059356659	0.492636370035	0.0	2.59485697802	5.01682855078	0.0	3.52774806679	4.68908273039	0.0	0.0	0.0	0.0	0.743871772358	2.28280834902	0.0	1.50096667747	1.36519215187	0.525798231863	0.0	0.3622250515	1.74272814498	0.422584048424	0.0	0.0	0.471359671695	2.04382787998	0.499109916488	0.662723266827	0.0	0.690377721673	2.55423380028	0.0	0.0	0.124900821554	0.0	0.0	0.0	0.282036505444	0.773113456334	1.21644993338	0.422235908615	0.0	0.0	0.0	0.134730106168	3.59643872915	3.87723717527	6.23475138336	11.2791118191	0.142607541851	8.40691719301	4.66820464182	0.161756261357	0.0	0.0	0.0	0.0	0.0	0.0	0.0	2.69893842098	2.79446056864	1.32024297651	0.0347921449339	0.397033882426	1.67630348138	2.27525845315	0.556333595129	1.45450340293	0.664918195625	0.106658501552	0.0962786822393	2.13334513093	0.646182505892	0.0411462114519	0.24662409485	0.183090639667	0.0409776005442	0.111775538747	0.059625946325	0.0	0.0	0.0	0.0	0.151972296719	0.0296196937684	0.0998111683035	0.430720013965	0.0	0.0	0.0	0.179455771659	0.0	0.0	0.0
5.56576104465	0.0	2.31792223457	0.0	0.595528288573	0.742049819255	0.0	0.0	0.0	0.0	0.578062517763	1.42869048422	5.41985935435	0.0	1.47675931396	3.50241016764	0.0	0.0	0.10596254558	0.470289331062	0.0	2.52249036116	0.0	1.14481190852	1.71907946394	0.446997476646	0.905628400493	0.0	0.389116240824	0.895785834402	0.317700436624	0.61439598025	1.95953801275	2.78820012562	0.167755223823	0.622833505472	0.0807454419734	0.7838089651	2.83768335624	0.0983136528463	0.196436361575	0.0	0.0	0.0	0.172795066943	0.0	0.244308631202	0.191779238692	0.0	1.08921347412	0.0	0.650398722532	0.0	0.0	2.41084629208	9.55342511262	15.8874658328	0.00446910116592	8.53396448167	3.30025484253	0.0	0.0	0.0	0.0	0.0	0.0	0.0	0.0	2.83778735631	2.67856325776	0.577083877157	0.183819073766	0.518051360622	1.64834902017	1.79953391374	0.623412785831	1.23932716702	1.8923851712	0.0976823724556	0.182704193076	2.63269922938	0.857201810523	0.102211679259	0.0692433468547	0.218033014941	0.101816583014	0.0	0.104879904911	0.0	0.0254050317231	0.0	0.0136825604681	0.144722329569	0.0	0.195140520772	0.0741097178665	0.0	0.0	0.0	0.227083100541	2.22153497491	0.0	0.0	0.0
2.12727933675	0.0	4.86345376988	0.0	1.24350469684	0.494559528289	0.0	0.246675489048	0.102367981205	1.1851456876	0.482747026419	2.82902594784	6.19954748139	1.12700717841	4.10265514945	1.72819527358	0.640039151319	0.0	0.581153041997	1.2071746911	2.33642886985	5.21238982512	0.0	1.00737015947	1.850961293	0.740329917195	0.7574165699	0.363943707612	0.736561466597	1.53463824293	0.177185428049	0.882834889753	2.27159135959	0.247327539152	0.260891441299	0.166482776354	0.244068338636	0.778126773178	2.81171144509	0.317117900199	0.474436275103	0.0	0.0	0.0125279719831	0.00620630948246	0.156028974699	0.0	0.0	0.08199640298	0.40568436422	0.0	0.0	0.314058199715	2.74358743431	2.24471135534	8.18533929574	7.7163252215	0.0318311750388	8.49217034431	5.37904585151	0.345684204722	0.0	0.0	0.0	0.0	0.0	0.0	0.0	2.27815386063	2.52208989925	0.794274725733	0.080549817751	0.0	2.29759986371	1.61283175531	0.744880617915	0.461852023112	0.835696182291	0.131420120804	0.158817775141	2.36278387403	0.296197696888	0.0461227273013	0.0922033495958	0.307842198732	0.0459271122703	0.137698071798	0.188769029882	0.208462832999	0.0	0.0	0.369985408569	0.182080528824	0.0	0.0250674939682	0.0	0.0	0.0	0.0453635771811	0.0	0.325786701572	0.0	0.0	0.0	0.0
0.0	0.0	0.443530284888	2.35235085911	0.420678815971	0.838178693484	0.417511537507	0.0	0.0	0.278365404993	0.0	0.752130055217	6.77266531526	0.0	3.25568242099	4.25606753581	0.0	0.0	0.166864059071	0.0	0.200706662657	0.0	0.938917864625	1.27667398081	0.0	0.651187364174	0.0	0.0	1.18388162582	0.445640743864	0.0	0.0	1.87646408992	2.9144367865	0.295258616799	0.0	0.88195985225	1.0622784848	2.29490948697	0.0	0.0	1.13569404919	0.0	0.460233756786	0.562089107387	0.0	0.0	2.78383424984	0.540189518008	0.0	1.87668668981	0.21358565641	1.24075059824	0.978892565237	2.32231047368	10.2864576111	13.4672934684	0.0	9.39400164391	3.80470915472	0.285627461471	0.0	0.0	0.0	0.0	0.0	0.0	0.0	3.5453590805	1.90718287501	1.1931778213	0.0	0.201111582461	2.90274499217	2.30708888106	0.496972278969	0.868449098803	1.35281374388	0.546406414993	0.246877060265	3.85071313241	1.45673609348	0.0	0.0715759352856	0.488647043006	0.213533716436	0.0711169555082	0.0	0.213077916657	0.0709653755818	0.0	0.255837235919	0.212261717053	0.0	0.0	0.198654503652	0.0	0.0	0.0	0.0	0.0	0.0	0.0	0.0	0.0	0.0
0.0	0.0	4.00474343351	2.8567294659	1.21428978305	0.0312558842857	0.343359870037	0.171368029946	0.0	0.86199006093	0.00611568272556	2.66252442063	6.84707069605	0.150132804996	4.37073701882	3.32611717532	0.0	0.131793000721	0.563769221414	0.403014523943	0.32814232649	3.43963350178	0.0	2.49551878171	2.93937628516	1.09250235466	0.635968558244	0.0	0.710730545671	0.771076419738	0.236760025188	0.0	0.683092439229	1.86028103363	0.0	0.0	2.05526717908	0.0	2.19688171209	0.10729213501	0.0	0.0803138977211	0.0	0.0	0.0537552075303	0.0	0.0	0.452657185515	0.0267969792463	0.0	0.0	0.155971796358	0.0	2.08672518641	1.61254387588	9.2427905545	11.1443735977	0.0704137204135	7.4452757355	4.66821848816	0.10012784134	0.0	0.0	0.0	0.0	0.0	0.0	0.0	2.779946248	2.64160591576	0.382190179088	0.41965088782	0.452196015407	2.02484707199	2.74983644098	1.23450208777	1.28549829965	1.19537217864	0.332908107601	0.126116649398	3.28618476601	0.880556705258	0.132917570983	0.0796906225758	0.265540891897	0.0	0.0378608888254	0.260278630671	0.27452033399	0.0	0.0262871241276	0.366329565391	0.298324629539	0.0	0.182619082569	0.416517927091	0.0518563850877	0.0	0.0	0.0	0.0259162620411	0.152430095531	0.0	0.0	0.0	0.0	0.0
0.2816574248	0.0	5.38497537988	1.51580108766	0.635005225368	0.147453430161	0.146976070322	0.0	0.0	0.0	0.476992638777	2.16281806897	5.57586531536	0.424530576509	1.03025269177	2.07952849711	0.143149631615	0.0	0.240080678853	0.357492839167	0.0	1.51316588856	0.0	0.898942016157	2.77380626245	0.880639262344	0.756008384469	0.0	0.645822501711	0.78505929465	0.0	0.0	1.35200834302	0.871650425382	0.691174926383	0.459062484836	0.68174652957	1.48187829913	1.99362532616	0.108333683384	0.0	0.296399419817	0.0	0.0	0.294515900453	0.0	0.0	0.0	0.0	0.119582959581	0.0	0.187968536467	0.548687334543	2.50573955306	1.1852239994	8.2106540248	17.6041020498	0.223275884533	7.45744067939	2.80337665246	0.0574149405938	0.0	0.0	0.0	0.0	0.0	0.0	0.0	2.9363786075	3.18621492306	2.74609347182	0.260495911952	0.323507410654	2.52039514811	3.08175735836	0.986259986644	1.03110913149	1.47180190253	0.276917306402	0.56647816853	3.86239189451	1.07622395624	0.105272208418	0.210327768909	1.00007210198	0.052162578369	0.0260746471868	0.499111031301	0.341552044556	0.0776704417474	0.0	1.02421117382	1.07710091594	0.127306036971	0.239080599191	0.878970662908	0.02517749149	0.0	0.0	0.0	0.0	0.0	0.0	0.0	0.0	0.0	0.0	0.0
2.98674144613	0.0	1.09079560728	0.0	0.771195644448	0.511998026481	0.0	0.510306346623	0.179706104725	1.45443047637	0.496358707809	2.17133431544	7.83277203422	0.922977041547	3.66176748875	3.73302078269	0.0	0.215446111687	0.0	0.0	0.0	0.0	0.0	3.01973574333	0.0	0.395813846356	0.974306227184	0.0	0.141686907957	1.02685730272	0.0	0.107115816895	0.400691595941	3.26852822217	0.0	0.717155629042	1.13736040333	0.247807118937	0.426535493744	0.172189465363	0.17199762538	0.514844016239	0.0	0.247732998942	0.29329717507	0.0	0.683899731868	1.49109807325	0.44329969232	0.311162273551	0.112630780427	0.0	0.552796723012	2.15222661707	2.7318122678	9.53146058982	7.23614968492	0.1976540432	10.0262006478	4.60393070867	0.0871393885931	0.0	0.0	0.0	0.0	0.0	0.0	0.0	2.29726200474	2.65915287397	3.54037419907	0.386752677126	0.418874974395	1.5988118641	1.99121183074	1.0811698181	1.69401245601	1.36308848413	0.299475294544	0.677742322392	4.01768515849	0.861868376741	0.139256208164	0.0796735432277	0.366982258806	0.0793662722539	0.0587606960053	0.493556318048	0.305045194071	0.0393844216523	0.118092769962	1.47263347482	2.07574132356	0.0767424244769	0.295114204916	0.305034294072	0.064611161508	0.0	0.0	0.0	0.0	0.0	0.178556154823	0.0	0.0	0.0	0.0	0.0	0.0
0.192720994524	0.0	2.99975335824	0.14100232283	0.568165089043	0.411394274844	0.0589267477494	0.0728914601065	0.0	0.491660130915	0.135693725735	3.14993627604	7.80666272741	0.371830596497	3.07282631824	4.0886207623	0.109649589989	0.0620441460432	0.454050051498	0.371543496654	1.3252242747	1.54080215672	0.306789832094	1.75528003934	1.4186032236	0.871392023087	0.76004018403	0.0	0.883615216397	1.50417217677	0.3329071178	0.262657856248	0.674194031014	1.07283711284	0.295987838006	0.706950913086	0.59521187424	0.471053842192	1.67758708185	0.0	0.141814122385	0.370758097084	0.0	0.0	0.402050879957	0.0967493470491	0.0	0.0	0.236771570415	0.404676578521	0.0	0.0	0.168770707632	0.0	2.68348153134	8.6541242636	11.27356383	0.250711862785	7.98951562733	4.44153356915	0.166537708854	0.0	0.0	0.0	0.0	0.0	0.0	0.0	2.30516973838	2.59187358147	2.30962473595	0.176235303546	0.630822154751	2.69679152404	2.33046972454	1.03774163204	1.41589722508	1.72072905825	0.296114337937	0.253467361277	2.85855743551	1.10161639709	0.0194797793387	0.15207491677	0.489215932252	0.123096532629	0.0674645030766	0.482962435674	0.435298361761	0.0830188245638	0.0	1.08135660817	2.6541335474	0.605672868515	1.9983579063	1.63874610311	0.0734051598254	0.0223423077721	0.0286811643028	0.0	0.0	0.0	0.0111629038905	0.00634064952976	0.0	0.00634072652972	0.0	0.0	0.0	0.0
2.09866575099	0.0	0.0	0.0	0.314629477661	0.635454974883	0.0	0.0	0.0	0.0	0.93830735338	3.07711958153	7.07483979769	0.288732069501	3.64340824131	4.42490368584	0.53577587196	0.0	0.0	0.798682683293	0.0	0.774643415001	0.845525789968	0.418020420321	2.49464712288	0.954193672252	2.44448622644	0.0	0.0	1.82997917007	0.227188123869	0.0	1.69423727971	4.71910916495	0.152632759163	0.0	1.85764036811	0.641327984466	1.10350198165	0.407276731083	0.0	0.276434380373	0.0	0.0	0.402908881393	0.737752567619	0.0	1.09089349255	0.0	1.28782190857	0.0	1.24550871157	0.0683560151467	0.0	3.4126392577	7.5999918604	5.49390020993	0.124049151192	7.43187127234	6.31182585186	0.329934156575	0.0	0.0	0.0	0.0	0.0	0.0	0.0	2.56516541787	2.197211544	1.64688468307	0.117854241633	1.34256710467	2.86920549628	1.81609307106	0.627514035447	1.29766760787	0.752349066583	0.383189732794	0.56338268	3.48414545263	1.16988441694	0.0504566004176	0.201657015682	0.710082489584	0.100123213891	0.135422210385	0.454610457722	0.595975607686	0.0	0.0	0.226545433915	2.478851824	0.193853716236	2.43336402723	2.09680095113	0.0467667386795	0.0	0.0	0.0	0.0467521976805	0.0	0.0934318013663	0.0466941446848	0.0	0.0466796036858	0.0	0.0	0.0	0.0	0.0
0.0	0.0	4.05022391276	1.11404313609	0.0627520554379	0.0624458473236	0.387954704901	0.447026886964	1.4329285352	1.23288526049	0.0	1.16296363437	12.0741645097	0.337838046183	1.3595685078	3.64758376237	0.0	0.0	0.00764764285639	0.649951922757	0.368577577664	0.0	0.0	1.84490948907	1.79659267103	0.583477657928	1.7309270465	0.0	1.13689002463	2.77995303831	0.276587463305	1.34841330363	0.0	0.875297126924	0.0	0.248334332753	0.0	1.51984056766	1.50215576105	0.252722494391	0.504141308297	0.50241090765	0.0	0.963448999848	0.0	0.247595132477	0.0	0.869259204668	0.0	0.682867615051	1.23817166246	0.633108236466	0.0	0.0	1.83897348685	8.95655374527	7.42876117464	0.561140369586	6.66637688989	4.26715679378	0.0	0.0	0.0	0.0	0.0	0.0	0.0	0.0	2.33991607396	2.53877214824	2.70455461015	0.131632529165	0.994451731428	2.76061063108	1.30652528798	0.743325237632	1.16937003676	1.32621489534	0.66125944698	0.296128110603	3.98890388986	0.890986092783	0.052050675441	0.11697508369	0.200577514916	0.0	0.116463243499	0.516115232769	0.520876354547	0.115498923139	0.0577154135568	1.07725112235	2.48826012936	0.168627262982	2.34062167423	2.23505043479	0.108282984444	0.0	0.0541114762106	0.162214140588	0.0	0.0540316201808	0.0540116841733	0.0	0.0	0.0	0.0539918601659	0.0	0.0	0.0	0.0	0.0
4.02139927493	0.0	0.802496714775	1.49677557677	0.38239317516	0.156094828435	0.0	0.0	0.361000012634	0.749228508484	0.201423653788	1.74177090571	8.6579819225	0.0	3.78160194661	4.84945207272	0.156373938468	0.0	0.0	0.233412827566	0.0	0.238538508171	0.0	1.27425595049	1.00229768837	0.388596875894	0.947088141851	0.134319725863	0.367102013355	1.48646997556	0.186170911986	0.332293489244	0.589273599593	3.66262423255	0.242857368682	0.495804508554	0.0	0.474166135999	1.27617695072	0.046960545546	0.0	0.0050779041997	0.0	0.372799474027	0.226915326799	0.0	0.0	0.286427913828	0.436947321604	0.939874220999	0.0	0.0	0.0	2.9644310501	3.115941468	9.58031063144	10.5307763437	0.221047236105	7.84101442602	3.68985723577	0.439999451964	0.0	0.0	0.0	0.0	0.0	0.0	0.0	2.70693791969	2.91455284421	2.12198205061	0.112235116255	0.661608298136	3.25863788484	2.19711575948	0.831304938177	1.72841430412	1.25137344779	0.23564570783	0.0981048035862	3.56205422068	1.23327084565	0.143740536976	0.110464180046	0.759737509725	0.049424284837	0.131726375557	0.377217774549	0.294530014784	0.0761920669983	0.0107062653644	0.811422585829	1.51899137939	0.0526233152148	1.76951240898	1.67364319766	0.572781247645	0.0468539865335	0.103039514169	0.0187329162123	0.0	0.034318443053	0.0249433969458	0.0	0.0	0.0	0.0405175107851	0.0	0.0778209621906	0.0	0.0	0.0	0.0
1.68243532155	3.10572576278	3.88509840438	2.05155603598	0.794688546354	0.526835203319	0.0	0.0	0.0	1.10068858121	0.511978718713	1.32762161156	6.12863049988	1.18843896841	1.18762956816	2.79365066604	0.22629121015	0.00507072157192	0.0	0.454153340788	0.0	2.81420487241	1.04230232311	1.4313046437	3.18183218637	0.78674160389	0.718750842813	0.0	1.13926277317	1.06206308924	0.0	0.155782188293	2.01433502445	4.33438394366	0.147379245688	0.146705505479	0.308796455727	1.62118310257	1.15616555842	0.0	0.164246690917	0.65470790296	0.0	0.102370549735	0.0	0.0	1.89763318826	0.690978154204	0.435207674914	0.520087541227	0.614641450538	0.0	0.432306374015	1.04142566284	2.17719547493	6.28502714836	14.8637806078	0.0929500428145	5.62766874458	3.68331834182	0.0	0.0	0.0	0.0	0.0	0.0	0.0	0.0	1.50296506592	2.45305276045	0.244411515768	0.178559395354	0.582280260506	2.19593708074	2.17243027346	0.83499781885	1.46216445328	1.24830038697	0.286985968966	0.499576654869	2.5261381831	1.37302782564	0.0683724331954	0.10248443577	0.355510250208	0.101923897596	0.0679003590491	0.115797815897	0.506702797078	0.0673962508929	0.0	0.707269899254	1.81889336386	0.032812744172	1.37314182568	1.83934497019	0.33413068358	0.126723579284	0.126586779242	0.1264511192	0.0631749435843	0.0315748177882	0.0315663817855	0.0	0.0	0.0	0.126180939116	0.0	0.0	0.0	0.0	0.0	0.0	0.0
3.51829828327	0.0	3.10594280867	0.493217719618	1.00551393806	0.0	0.200289737662	0.0301572531423	0.0	0.122203592472	0.0	0.984218239372	7.12740056095	0.206091487305	2.63218883786	3.83696326364	0.352823428266	0.0	0.0	0.384281676328	0.0	1.53170790564	0.0480476870402	1.24472542333	1.38531291467	0.790618051297	0.961736890757	0.00460362221642	0.0183197288715	2.61769883875	0.00369381127246	0.0	1.36102491617	1.90802238247	0.576414464493	0.28344623254	0.0	0.0	1.23670992382	0.274381933098	0.273875933129	0.130331791972	0.0	0.80455260044	0.0	0.0	1.04356628572	0.0	0.0	0.383649176368	0.0852670897475	0.239856635225	0.364952477519	0.0	1.6639003975	7.50898203745	11.1411073137	0.307988381028	10.6052648467	4.08519074836	0.495149719499	0.140971591316	0.0	0.0	0.0	0.0	0.0	0.0	2.28002435955	3.85201676272	2.5196153448	0.0	1.39719241393	2.53520934383	2.74000133121	0.374664226921	1.79258538958	1.24964742302	0.584041264023	0.673966658484	4.22792873956	1.66238239759	0.115775092868	0.0522011417844	0.734775204738	0.177640489058	0.173465989314	0.557215215676	0.398385275459	0.146358190984	0.0835603748527	1.70042439526	2.29480185864	0.0800191800709	1.67484839683	2.29113335886	0.452876872103	0.136248541607	0.124559942327	0.163124039951	0.0213568786844	0.0484944620128	0.0	0.054285401656	0.0	0.0	0.0813910149863	0.0	0.0271204483294	0.0	0.0	0.0	0.0	0.0	0.0
1.18353665434	0.0	3.83116762332	1.29162547756	0.0679866866103	0.507225189003	0.0	0.0695824989533	0.407089327484	0.413003008754	0.353991476073	1.33938268783	6.48693019404	0.390470003912	4.07132247493	4.24578651242	0.0	0.0	0.0971464248768	0.0	0.0708854112332	0.808085173658	0.0	1.99779882933	1.76534637938	0.549749638141	0.0898483993084	0.0	0.491364505595	1.00747877651	0.303974585324	0.0	0.39679316527	1.89351480692	0.0	0.388307763447	0.0	1.04815882525	2.13478325877	0.146475551478	0.0366657518794	0.0612597291647	0.097193984887	0.554596119183	0.0	0.0	0.0	0.0	0.373614040289	0.819935736204	0.0	0.439942854543	0.0	2.14458526087	3.01141864715	9.28565119549	7.8599064891	0.0	6.91797468667	3.43476073813	0.0349084675018	0.0	0.0	0.0	0.0	0.0	0.0	0.0	2.56994575228	4.25126171359	3.39791913021	0.343719673865	0.415107249206	3.39457832949	3.2652267017	1.39503949979	2.32930370056	1.70611676664	0.474552621981	0.74625484037	4.70378941085	1.77826878215	0.148904592	0.140777630253	0.677034145494	0.0514454310556	0.077068560562	0.604578209923	0.37194131993	0.0327646710411	0.0457248898262	1.91867521232	2.72789138623	0.157276313799	1.5565463345	2.7328909873	0.289747182266	0.100534437605	0.198031762557	0.140723110241	0.0907649155054	0.0	0.0966784807762	0.0	0.00938955241782	0.00605508530124	0.0	0.00938720921731	0.0181538879013	0.00604876329988	0.0	0.0986567452013	0.0	0.0	0.0	0.0
7.25360278972	0.0	0.0	0.786546603946	1.25729380222	0.00713935228043	0.0	0.0	0.0	0.159063852932	0.00552196754894	2.41740739654	6.22645970621	0.506715341196	3.47190508226	4.42189835951	0.0	0.0	0.580059137159	0.563479065811	0.0	1.85306955065	0.23875138941	2.41645969645	1.47993312032	0.610153879606	0.886857732101	0.0	0.664973064062	0.686601685821	0.0828829237384	0.0	0.78708012399	1.1020757396	0.343399707919	0.283680563063	1.21781799901	1.70017393822	0.674856054866	0.0900473023208	0.359625269237	0.0	0.0	0.0	0.625228160831	0.0275298682382	0.0	0.941393776536	0.32559113647	0.442103255944	0.0	0.161612113139	0.095584327771	0.5854902776	2.91440003694	6.19274030347	8.75321531164	0.26125166124	7.68217382456	3.46297798154	0.144466931746	0.0	0.0	0.0	0.0	0.0	0.0	0.0	2.5179338047	4.02353672711	2.63011341383	0.526161912778	0.832636417694	3.40649037695	2.61901011293	1.25474320201	2.3628970921	1.72282514006	0.790036714229	0.65363693314	4.89625149807	2.17013957644	0.179857094623	0.210612887123	0.700187726925	0.172861664054	0.101581982259	0.645014032439	0.230362488728	0.223195068146	0.012410308009	1.27879840397	2.47473740119	0.0506923601213	1.28778400469	2.04081946592	0.253927460645	0.14661739192	0.260284071161	0.194903295845	0.0973525489148	0.0	0.145839341857	0.0	0.0	0.0102193073308	0.0	0.0	0.0	0.010221799431	0.0	0.0	0.114015807269	0.0	0.0	0.0	0.0
7.43545210191	0.0	3.14923149729	0.0	0.695277305634	0.0	0.138299553056	0.0	0.0	0.541229471092	0.406512398375	2.4121208277	6.56521381976	0.0	2.56827024244	1.51921474342	0.121445611465	0.363738574337	0.0	0.107541788152	0.451117582585	0.908852605795	0.0458363963269	1.26087731903	1.99381078821	0.107465324145	0.834172758746	0.21207198002	1.54621314597	1.05673021975	0.170651616109	0.0	1.37451132975	2.86891067082	0.367413094684	0.0557544152633	0.0	0.506420647807	1.7414441644	0.279261186362	0.0	0.328971051055	0.0926192707432	0.0	0.438922281435	0.458490223281	0.490382086293	0.641174300527	0.664000222682	0.0	0.540081330984	0.447092602205	0.374600475362	2.67947345294	2.33795782071	6.56940282015	6.31966759657	0.0733852689275	7.81274533752	4.03064438049	0.324672310649	0.0	0.0	0.0	0.0	0.0	0.0	0.0	2.20992780861	3.44659152536	2.05553659404	0.340605852153	1.23391431648	3.54086173426	2.48054903416	1.38439973068	2.2764562149	2.12303260041	0.19629301853	0.405260418257	4.26708100282	2.13882100191	0.128878432166	0.135645732805	0.834453598772	0.0733371249231	0.0495659046791	0.414745259152	0.440733581606	0.0577171094485	0.0769210212614	2.01118038985	3.31541091297	0.178941116892	1.71251056166	2.38190102485	0.302041088512	0.106086848015	0.264884065005	0.193945998309	0.105681517976	0.0	0.170244516072	0.0175789336594	0.0175768096592	0.0	0.00621123738634	0.0	0.0294512687802	0.0175621776579	0.0175600536577	0.0877692342854	0.0942487328971	0.228538881574	0.0	0.0	0.0	0.0
7.11038033117	0.0	1.17147636628	1.36504889079	0.604794841617	0.17287009617	0.0126650499868	0.0	1.85304405176	1.33895219289	0.425637975949	0.864574200834	5.93347042532	0.404192987664	3.32478833401	3.33599813312	0.253819839694	0.0	0.37587455993	0.236619581071	0.0	0.3787448397	0.214709302824	1.13739952901	1.08061630355	0.684328485254	0.0	0.0	0.181282205497	0.749826080014	0.0	0.196811704255	0.824559264035	0.286924447046	0.190610614751	0.733317211334	0.0433581225314	0.627196589825	0.552412235807	0.100472048962	0.0	0.0	0.0	0.0	0.199140534068	0.184315515255	0.17925087566	0.0	0.275816987935	0.0177595585793	0.0	0.0	0.439139714869	0.0	2.59890029208	7.43990320481	11.3159946947	0.340463732763	7.93137316549	3.90588908753	0.0728084781753	0.0	0.0	0.0	0.0	0.0	0.0	0.0	2.26813981855	3.74224030062	1.93265504538	0.317964404563	0.720584212353	3.26090913913	3.24731934021	0.993983120482	1.98659774108	2.08102423352	0.520698738344	0.54475696642	6.35146979188	1.7349841612	0.309072725274	0.332883433369	1.0100612092	0.11175503306	0.0257233949421	0.578737413701	0.584320893254	0.112642058989	0.0328405463727	3.18524894519	4.75272871978	0.162608726991	1.88548344916	3.23376524129	0.500993529921	0.137910278968	0.0728099061752	0.240816710735	0.145641708349	0.0119160640467	0.132658809388	0.0685215035183	0.0	0.0	0.0	0.0	0.0	0.0	0.0	0.0	0.0	0.0	0.0	0.0	0.0	0.0	0.0
9.23071501844	0.0	0.0	3.38337710636	0.385912926193	0.0230676075431	0.0	0.0	1.15737877846	0.0	0.0	2.43008479464	5.33216574362	0.96932911697	1.2736924165	3.10560101554	0.0	0.307546900568	0.0	0.0	1.43002846762	0.0	0.0	0.808931064521	0.787944257658	0.55911258283	0.191391662585	0.274806089862	0.528702172885	0.503802164743	0.539232176329	0.0	1.57194051402	3.22459305444	0.253557682913	0.0	0.0	0.126136841246	2.62678885896	0.0	0.241447278953	0.444152545238	0.0	0.838759474274	0.393358928628	0.70199062955	0.0	0.729441838528	0.642461010085	0.0	0.0	0.336824510142	0.0	0.0	3.47389313597	5.77080188705	11.5154197655	0.851421878414	5.71281786809	1.71756056165	0.0698573028433	0.158371251787	0.0	0.0	0.0	0.0	0.0	0.0	2.42890879426	3.09369701164	2.89023694511	0.719269435201	2.0119446579	2.87529694022	2.83777292795	1.37256044882	2.23108872956	2.54774483311	0.5039737648	0.696618227794	4.11307334497	1.70846455867	0.126298841299	0.262860085955	1.42443646579	0.13443484396	0.167413254744	0.0313509702517	0.442528944707	0.132961243478	0.0	2.38700478055	3.70438921134	0.207502867854	1.77968458195	2.56933284017	0.809912664841	0.234675676739	0.156198051077	0.101554233208	0.116866718215	0.0	0.116716838166	0.0	0.0	0.11660463813	0.0	0.0388309326977	0.0	0.0	0.0	0.0776245453832	0.0	0.0	0.0	0.205747267279	0.0	0.0	0.0	0.0
0.0	0.0	1.9539688185	0.0	0.962051796815	0.0	0.0	0.0	0.0	0.948259004567	0.0	0.0	7.35087219819	0.890788835199	3.5043541712	4.25379199337	0.0	0.0	0.834586746038	0.829354705185	2.153364751	1.58827045889	0.605047288622	1.17743667192	2.57370671952	0.0	2.82965806124	0.0	0.698057583784	0.0	0.690767332595	1.37080922344	2.69971614005	0.0	0.0	0.0	0.0	1.89427950877	1.04334929007	0.0	0.0	0.616698380522	0.0	0.0	1.22483479965	0.608192079135	0.0	0.178441149086	0.591865546475	1.17584431166	0.0	0.38042769201	0.172923548187	7.09285175613	0.604744788574	6.15374640307	0.0	0.0	10.5149743139	0.679029120682	0.0	0.0	0.0	0.0	0.0	0.0	0.0	0.0	3.08092670219	1.98993002435	2.01382752825	0.273208364533	1.55677415375	3.69411850214	4.84485288971	1.19466828473	1.55809305397	3.15251031386	0.526471085814	0.549895479633	6.0178028809	1.98597332371	0.0	0.667186848751	0.626029902043	0.115782619873	0.231261287695	0.650925656101	0.872871152278	0.792447279169	0.11282017639	2.60390832443	3.22341632542	0.319649382103	1.82198199698	2.51710291029	0.505857522454	0.0	0.0	0.503929992141	0.100556098391	0.0	0.0	0.0	0.0	0.0	0.100403517366	0.0	0.0	0.0	0.0	0.100327408353	0.0	0.0	0.100251299341	0.204519073337	1.54265345145	0.0	0.0	0.0	0.0
4.09281881882	1.36520420614	0.0	3.15306515226	0.496772949458	0.494975889713	0.0	0.0	0.0	0.0	0.974101541678	1.92764852627	6.47939467992	0.452432055755	1.24044702386	2.15431229408	0.0	0.0	0.866209636998	0.38472450537	0.0	0.0	0.0	1.12068696086	1.01115049642	0.0	1.0668727685	0.762457191731	0.708756459356	2.98346077634	0.368400907688	0.0	1.03548583296	4.35187358203	0.0	0.0	0.0	1.22301322633	0.6725358845	0.0	0.335032692425	0.0	0.0	0.0	0.0	0.331783832887	0.0	0.280262020202	0.323165754111	1.21949962683	0.0	0.882806514641	1.66681256331	0.0	3.98277483444	6.52798727303	2.6211452278	0.409150121901	6.97010301025	3.88250304868	0.0	0.0	0.0	0.0	0.0	0.0	0.0	0.0	3.16938874994	2.43425345434	4.46206396639	0.0	0.60183323454	2.098607102	3.57344049257	1.18891301117	3.46304270824	1.2697514197	1.07249452771	0.57951089771	6.01597774573	2.12014009894	0.60450869416	0.301255777222	1.48584998901	0.0382857905634	0.0936109527072	1.39630200173	1.00597159715	0.208070970454	0.0573959898498	3.40105451705	5.61978280199	0.212268989857	2.28635287533	1.97402071969	0.976278021369	0.249518024569	0.172412815517	0.221671528523	0.198492751814	0.0946236745634	0.121367168766	0.0	0.0	0.0	0.143424399633	0.0	0.196921392038	0.0	0.0	0.0	0.0	0.0491685550181	0.0221447048555	0.0	0.0	0.0	0.0	0.0	0.0	0.0
0.0	2.79341545472	1.20644399131	0.0	0.0	1.28922420219	0.0	0.639335402314	1.89736066171	1.2480684117	0.0	0.0	7.14681494908	0.579348316171	2.2892016712	2.04861372677	0.0	0.0	0.450055666037	0.0	0.978865753882	0.545763173929	0.312134567897	0.809455433015	1.28143830399	1.95534284832	2.39922514577	0.474011140503	0.342224050947	0.337768991975	0.0	0.927417325767	0.0	2.46301293104	0.0	0.0	1.02402396345	1.70646470581	1.26376320807	0.418245413385	0.0	0.0	0.0	2.47863392743	0.0	0.406647746065	1.05531023622	0.0	0.0	0.0967629706477	0.0	0.74844129711	2.65350298704	0.0	1.28421810335	5.3645207608	8.5259767305	0.0	7.94999246355	5.14147261232	0.225394987934	0.0506913632903	0.0	0.0	0.0	0.0	0.0	0.0	2.17723479705	1.54337904348	2.93559112188	0.992074720831	1.52420334791	3.13560137568	3.59228797018	0.834488387233	2.88682163314	1.17961400751	0.527096698241	1.04324639901	5.62127090149	1.12160845091	0.0198505964146	0.341981741002	1.35226168763	0.290031473003	0.0	1.2645258079	1.59630593126	0.210310271419	0.139997337661	2.3415750591	4.21543042623	0.261870629507	1.45206386458	1.62186532535	0.621716886384	0.0	0.309627828476	0.0618275347179	0.123557161458	0.185092817244	0.307839408889	0.0614712038001	0.0	0.0614389778076	0.174525889684	0.0	0.366809285267	0.147305995972	0.0	0.0608967939329	0.121698877888	0.121572802917	0.182123597929	0.0	1.06130033484	0.0	0.0	0.0	0.0	0.0	0.0
2.52799967193	0.0	2.56544766115	0.0	1.59699554006	0.0	0.0	0.0	1.5780979455	1.55963435082	0.0	1.54160475602	4.52069149804	0.0	7.2097423236	2.77818199988	0.0	0.0	1.3676824061	0.0	0.747268424787	0.0	0.0	5.78263913461	1.22901944604	0.0	1.21779620927	0.0	2.40272250802	2.36020292026	0.0	0.0	1.15453266749	0.0	1.13488115315	1.12530339591	0.0	0.0	1.09751872391	0.0	0.0	1.0885584865	0.0	1.07974456903	0.0	0.0	0.0	0.434888954753	1.05413733641	0.0	0.0	0.0	0.438884233602	1.24819604052	0.0	7.41011386589	8.83162465649	0.0	2.3735949164	4.12683041147	0.0	0.0	0.216191457737	0.0	0.0	0.0	0.0	0.0	2.2947805391	3.59438696481	2.38481691318	0.0	0.0	1.56194075017	4.11461641499	1.53198235878	2.73975441095	3.98968645097	0.92684145307	0.030086979335	5.21347929852	1.25081243977	0.0	1.62127473308	2.17895217246	0.285676077725	0.0	0.0	0.948104966946	0.0	0.383183449644	4.46593311381	4.47818431029	0.35184121867	0.813294685771	1.98154422931	0.338446742527	0.0	0.168901591356	0.0	0.0	0.0	0.168688311418	0.0	0.168475031479	0.168261751541	0.838140558615	0.166998191904	0.333368943989	0.332538144229	0.0	0.0	0.0433914315033	0.165546152323	0.0	0.0	0.165341552382	0.0	0.0	0.0	0.0	0.0	0.0	0.0
0.0	3.32374949479	0.0	1.69267474271	1.67376224559	0.0	0.0	0.0	1.6552622484	0.0	0.0	0.0	4.85879926146	0.0	8.43696121759	4.38469933352	0.0	0.0	0.0	0.0	4.21999935856	0.0	0.0	1.36804979206	0.0	1.35566229394	0.0	0.0	0.0	0.0	0.0	0.0	0.550212416367	3.58862445453	0.0	0.0	0.0	0.0	1.64811224949	0.0	0.0	0.0	0.0	0.0	0.0	0.0	0.0	2.78443707676	0.0	1.13916857685	0.0	0.0	1.49568727265	0.835872372948	2.01076219436	6.83244896146	5.6888366353	0.704942392849	4.84383676374	0.899497363276	0.0	0.0	0.0	0.0	0.0	0.0	0.0	0.0	2.30182465012	6.47657401556	2.85423706615	0.0382987441786	1.55947476296	1.67953724471	4.65743679207	1.44826227986	2.92687455511	1.66339974716	0.292127455596	0.062670740474	5.19028671108	2.85386206621	0.27533245815	0.273576208416	3.89619940777	0.397347439604	0.594052409704	0.0754782385273	1.41127478549	0.0	0.192916220676	6.14836156545	3.73146193281	0.177593723006	1.10453483211	2.03521219065	0.340454948251	0.16993747417	0.0	0.506937422945	0.168598724373	0.336628698833	0.168031224459	0.0	0.0	0.0	0.514843671744	0.0	0.998669848202	0.331416199625	0.0	0.330683699736	0.823531124824	0.0	0.0	0.0	0.0	0.0	0.0	0.0	0.0	0.0	0.0	0.0	0.0
9.29284192847	0.618457255033	3.5849526668	0.0	0.0	0.815532631689	0.0	0.0	0.890926005713	0.0263317368977	0.0259770468317	0.776564604441	3.05431616811	0.750934939674	2.20419400998	2.88031013574	0.0	0.0	0.667253284109	2.77492371613	0.0	3.12194038068	0.0	1.83241834083	1.55209348869	0.0	0.44527022282	0.0	0.0	3.50077205114	0.573131266602	0.570258466068	0.0	5.78797487657	1.05339925593	1.04373505413	0.634445398007	2.22963341472	0.0	0.491431591407	0.0	0.0	0.0	0.0	0.0	0.485145450237	0.0	0.0	0.944124475607	0.0165352350755	0.0	0.0	0.236209723935	1.75118612572	0.202909177741	6.41622359342	13.4138364949	0.292083174327	8.03377409428	1.47359547409	0.0	0.0	0.0322983420076	0.0	0.0	0.0	0.196314336515	0.0	2.35174003742	2.64073369117	1.75456292635	0.0908525688986	0.0631784277511	2.92865634474	2.62645788853	1.05224131572	3.32991601937	1.56206009054	0.464070686318	0.670221844662	5.77907927491	1.21280188558	0.830414494457	0.540930700614	0.574878886927	0.403856535117	0.210601479172	0.103808773308	0.56914084586	0.392433372993	0.234812383675	2.49826546468	3.18024059152	0.0	0.772341083655	1.57261889251	0.239326964515	0.139934366028	0.139761745995	0.0698167389859	0.348441724811	0.0974000341164	0.277478511611	0.0	0.0	0.192970295892	0.0	0.344433664065	0.0956543037917	0.163902090486	0.0684720667358	0.0948771356472	0.393033133104	0.0679404726369	0.0257870387964	0.0	0.0678190086144	0.0677785626068	0.0	0.0	0.0	0.0	0.0	0.0	0.0	0.0
23.6099269255	4.8529350403	2.77766685004	0.0	0.0	0.0	0.0	0.0	0.0	0.0	0.0	0.387547987459	8.24270358099	0.0	3.65983394834	0.148859189091	0.0	0.0	0.0	0.0	0.0	8.08748423408	0.0	0.0	0.0	1.41756081519	0.0	0.0	0.0	1.39246562378	0.0	0.0	0.0	0.0	2.53803063199	0.0	2.45870645912	1.06193553682	4.5619908398	0.0	0.0	0.0	0.0	1.10032889369	2.1555321628	0.0	1.05601860884	0.770043916645	0.0	0.0	0.0	0.0	0.0	1.7666836958	0.953614733864	3.70289963361	10.8783082796	0.0	1.04305445327	1.25591146048	1.20112621921	0.0	0.0	2.12792237225	0.0	0.0	0.281106783861	0.0	1.36832293203	0.0700623200387	0.820076819533	0.0	0.672854659884	1.2839187609	3.45300181908	1.79774788517	3.43656802469	2.42056837216	0.530384838608	0.0	2.52973753483	0.0	0.0	0.0	2.16326646016	0.185329766617	0.0	0.166890642924	1.27333966452	0.180234528359	0.179821778502	1.9751541245	1.77196689398	0.168643242324	1.33629354299	2.33248120229	0.0	0.31531930216	0.314060732591	0.0	0.0	0.0	0.467824660004	0.0	0.310344713862	0.154713887088	0.462325561885	0.153507387501	0.0	0.457841193418	0.152024028007	0.0	0.605173843031	0.0	0.0	0.0	0.0	0.0	0.0	0.0	0.0	0.0	0.0	0.0	0.0	0.0	0.0
0.0	6.77501555176	5.00623445106	2.41633321078	2.11448355946	0.0	0.0	0.0	2.064729951	2.01725474294	0.0	0.0	5.7875977839	0.0	5.429364123	0.0	0.0	0.0	1.7376130954	0.0	1.70387228966	4.61562958465	3.07914292346	5.85195619483	0.0	0.0	0.0	1.38186263492	2.70010925902	0.0	0.0	0.0	1.31952662432	0.0	0.0	0.0	3.73446463485	1.21031956575	1.19385108295	0.0	0.0	1.17782676023	0.0	0.0	1.16222483758	0.0	0.0	0.0	0.0	3.3970693775	0.0	1.10374674764	1.09003538531	6.27028586595	1.99432993903	4.79609681533	9.44012960483	0.0	4.74421840652	0.0	0.0	0.0	0.0	0.0	0.0	0.0	0.246560041915	0.0	2.21424677642	2.47745322117	3.0205445135	0.974740645706	1.89283872178	0.0	2.36482600202	0.960912803355	0.466200399254	0.672282994289	0.0	0.221862437716	4.4099463497	0.261429804443	0.0	0.0	0.1635315478	0.0	0.201024034175	1.39441943706	0.0236262440165	0.195210273185	0.0	1.99191073862	2.22557477834	0.365611582154	0.739425405702	0.67158795417	0.516665687834	0.171548189164	0.342092858156	0.0	0.170547228993	0.0	0.170216988937	0.339445817706	0.169231388769	0.0	0.0	0.0	0.0	0.167936028549	0.167616028495	0.500934485158	0.82858766086	0.0	0.493422163882	0.163859227857	0.163554587804	0.0	0.163249947753	0.0	0.0	0.0	0.0	0.0	0.0	0.0	0.0	0.0
48.6801039852	1.86793362849	6.50272483606	0.0	3.02254857879	0.0	0.0	0.0	2.88816922639	0.0	0.0	0.0	5.41755061284	0.0	0.0	0.0	0.0	0.0	0.0	5.00039025016	2.36291972154	0.543710702048	0.0	0.479507377007	0.426053626161	0.0	0.0	0.0	0.0	0.0	0.0	0.0	0.0	0.0	1.73271577575	0.0	1.68770765821	4.81501717785	0.0	0.0	0.0	0.0	0.0	0.0	3.02254857879	0.0	0.0	0.0	0.0	1.46012576944	0.0	0.0	4.19326273537	0.0	5.20061122824	1.09601409745	0.0	0.0	4.1979583372	1.42899805731	0.0	0.77812959347	0.0	0.0	0.0	0.0	0.0	0.0	0.984654804015	1.20315379923	1.24299933477	1.42803055693	0.0	1.43377105918	2.25735898037	0.0	1.90623374343	0.795056980072	0.316446153414	0.0	1.27987915915	0.0	0.271285815802	0.270158355362	0.4064107885	0.0	0.265738813639	0.790756118395	0.521874863531	0.51771590191	0.257318980354	0.735313186772	1.05568094172	0.0	0.339946092578	0.239311863331	0.462443250352	0.0	0.0	0.229992899698	0.0	0.0	0.22918148938	0.0	0.0	0.228376529067	0.227576728755	0.226782088445	0.451203475969	0.448091994756	0.0	0.0	0.222892736928	0.0	0.222130346631	0.0	0.0	0.0	0.0	0.0	0.0	0.297216115914	0.0	0.216938094606	0.0	0.213376403217	0.0	0.0	0.0
3.2531464229	3.6907784798	0.0	0.0	0.0	0.0	0.0	0.0	0.0	0.0	0.0	0.0	0.0	0.0	0.0	4.4400075772	0.0	0.0	0.0	0.0	0.0	4.25873555363	4.09168553192	0.0	10.9916834289	0.0	0.0	0.0	0.0	0.0	0.0	0.0	0.0	0.0	0.0	0.0	3.4207814447	0.0	3.31216643059	0.0	0.0	0.0	0.0	0.0	0.0	0.0	0.0	0.0	3.21023341733	0.0	6.138509798	0.0	0.0	0.0	5.49203271396	3.63959747315	13.5090817562	1.81438423587	0.0	5.26117868396	0.0	1.69637022053	0.0	0.288056637448	0.0	0.0	0.0	0.0	4.33334256333	2.21191128755	5.04533965589	0.0	1.70353322145	3.23484242052	4.3345775635	1.80393223451	3.5168904572	0.0	1.11578104505	0.0	8.52102010773	0.0	0.488640163523	0.0	0.0	0.47745886207	0.0	1.41940518452	1.47884119224	0.0	0.0	0.0	3.5969314676	0.0	0.485903663167	1.88955024565	0.402022452263	0.400478052062	0.0	0.0	0.398946651864	0.397426951666	0.0	0.0	0.0	0.0	0.790341602744	0.0	0.0	0.0	0.0	0.0	0.0	0.39146255089	0.0	0.0	0.3899987507	0.0	0.0	0.388546650512	0.0	0.0	0.0	0.0	0.387104950323	0.0	1.88734024535	0.0	0.0	0.0
10.2953004129	0.0	2.23847501575	0.0	0.0	0.0	0.0	0.0	2.19814012629	0.0	0.0	0.0	8.27389234052	0.0	5.85679887137	3.75393502022	0.0	0.0	0.0	0.0	0.0	2.47305665454	0.0	0.632090555024	2.23847501575	1.61583217827	0.0	0.0	1.59470188379	0.0	0.0	3.12820058354	1.53452049949	0.0	1.49687110932	0.0	4.38345535592	1.42683852759	2.80456516801	0.0	0.0	1.37847334022	0.0	0.0	0.0	0.0	1.36306774424	1.51204090536	1.27742651659	1.28933965348	2.43993986317	2.39209867567	0.0	0.0	5.32805680938	5.87047526781	0.0	0.0	3.50351548558	4.1812045087	0.0	2.78853077219	1.1520909893	0.0	0.0	0.0	0.0	0.0	2.07925765732	4.56042320973	3.10570788941	0.0	1.26201568061	3.16756607326	3.2091847624	2.3662785824	0.0	1.5023076079	0.312803028358	1.0425173779	2.89490274443	0.870934932686	0.0	0.93597641571	0.814945547299	0.434913336487	0.433368846891	1.32021765542	1.29765029131	0.0245023646048	0.209430955339	0.0	1.67296126335	0.397372676286	0.441841924679	1.48749151177	0.0	0.555777834942	0.36911729366	0.368003793951	0.183585972084	0.731595509053	0.0	0.181943232512	0.0	0.0	0.0	0.0	0.725073020756	0.360927175798	0.0	0.180063383004	0.543262098208	0.178483523416	0.0	0.0	0.178222833483	0.0	0.0	0.0	0.0	0.0	0.0	0.0	0.177962143551	0.0	0.0	0.0	0.0	0.0	0.0
10.8556656059	0.0	0.0	0.0	0.0	0.0	0.0	0.0	0.0	0.0	0.0	0.0	0.0	0.0	0.0	0.0	0.0	0.0	0.0	0.0	0.0	9.57538454671	0.0	0.0	0.0	0.0	0.0	0.0	0.0	0.0	0.0	0.0	0.0	0.0	0.0	0.0	0.0	0.0	8.5654658578	0.0	0.0	0.0	0.0	0.0	0.0	0.0	2.81982328981	0.0	0.0	0.0	0.0	0.0	7.07374722189	6.5072164842	11.6336339203	0.0	3.96648076369	0.0	7.39570838647	6.77866125435	0.0	5.8945649516	0.0	1.97812538241	0.0	4.51300030357	0.0	8.31494308536	0.0	1.7199334108	2.04606577493	1.12135307665	3.27414083984	2.42379693339	0.290865928005	0.0	0.0	0.939857056616	0.929116217798	0.0	2.72528490021	4.86229866515	0.0	0.0	1.59411102465	0.785481753597	0.777965674424	0.0	0.0	0.763355916031	0.0	0.0	6.39343249672	0.0	0.0	3.11519965733	0.0	0.0	0.0	0.0	0.599978214003	0.0	0.0	0.0	0.0	0.595583934486	0.0	0.586982815432	0.0	0.0	0.0	0.0	0.0	0.582774655894	0.0	0.0	0.0	0.0	0.0	0.0	0.0	0.0	0.0	0.0	0.0	0.0	0.0	0.0	0.0	0.0	0.0	0.0
