11.8194952722	0.0	2.81795887282	1.37735144906	0.0	2.0282391887	0.0	0.666291733484	0.0	0.0	0.0	0.647587740964	0.64307574277	0.0	0.0	0.0	0.0	0.0	0.0	0.0
16.1645015562	0.0	0.0	0.0	0.332656873185	0.0	0.0	0.0	0.0	0.165418296392	0.0	0.229301150446	2.14137047109	0.16431705615	0.0	1.80243459653	0.0	0.0	0.0	0.0	0.0
11.1717034087	0.0	2.34988461356	0.0	1.01799439938	0.608895840751	0.202650020436	0.202492720529	0.0	0.0	0.0	1.20051729169	2.38233459442	0.0	2.33602462174	0.527502488773	0.0	0.0	0.0	0.0	0.0	0.0
0.0	0.0	5.4178588204	0.642914616018	0.0	0.642208515781	0.0	0.85428468704	0.0	0.651742018985	0.316988406508	1.41511687548	6.68373324574	0.0	1.37481856194	4.78641660823	0.100127083643	0.100099713634	0.0	0.0136908466001	0.0	0.0	0.0
7.88757371261	0.0	5.08149452638	1.13141967189	0.492395857205	0.0	0.0	0.0	0.0	0.0	0.122185164566	1.33782201203	4.38667072786	0.479608660913	0.825203760691	2.0782769973	0.0591316628518	0.0	0.118217245717	0.0	0.0	0.0	0.0	0.0
1.13372977326	0.0	3.85959922807	2.68332446332	0.611579877685	0.0	0.0	0.0	0.0	0.0	0.0	0.734857353027	7.50962349808	1.17907726419	0.692837361433	4.2794741441	0.0	0.0	2.31589703682	0.0	0.0	0.0	0.0	0.0	0.0
0.0	0.0	8.9820631018	0.0	0.414395758561	0.825281517471	0.0	1.22924607707	0.291158370885	0.783242121675	0.0	0.636729536326	6.74309932569	0.365643163436	3.6069536393	0.710826928919	0.0	1.05979629402	0.351564164843	0.0	0.0	0.0	0.0	0.0	0.0	0.0
5.39541093879	0.0	3.87900967495	0.905329057526	0.992279872657	0.215825887554	0.0204356825558	0.0	0.0	0.516634289894	0.0510232588781	1.21422801127	5.16337289843	0.378118865794	4.11620471623	3.74976065246	0.014862044586	0.0	0.00385730167117	0.0	0.0	0.286861549915	0.0967852968407	0.0	0.0	0.0	0.0
0.0	0.0	4.5585657663	0.0	1.62237800504	0.0	0.535586537562	0.0	0.239799442498	0.0	0.770061222669	0.472006968717	12.7498217526	0.226243249141	0.936131941296	5.88940511418	0.0	0.0	0.0	0.0	0.0	0.0	0.0	0.0	0.0	0.0	0.0	0.0
11.1664469851	0.0	3.47390906205	0.375544098604	0.351909104984	0.0	0.0	0.0	0.0443424380276	0.0	0.509715462378	1.85080560028	6.08495235706	0.785577887894	1.11340249938	1.5362774852	0.0	0.152560838809	0.15236885886	0.0	0.0	1.0725850104	0.0	0.0	0.329602311008	0.0	0.0	0.0	0.0
2.06843176532	0.0	9.08805336258	1.34373049718	1.93705271671	0.611988226437	0.0	0.0	0.676569250332	0.765588283269	0.599220221712	2.20571181611	7.06074261246	0.724347268008	0.210597677921	2.24114482922	0.0	0.0	0.0	0.240738389073	0.0	0.0	0.0	0.0	0.068335225284	0.157747858367	0.0	0.0	0.0	0.0
9.42892815141	3.29356370358	3.57634567813	1.55902395969	0.924714416774	0.154743926073	0.0	0.0	0.0	0.448982259592	0.304511732594	1.03396460694	5.23713952864	0.566515649014	1.26297708633	1.79643433832	0.0	0.0	0.136851967683	0.0	0.0	0.223093339922	0.0	0.0	0.649958341503	0.134264707916	0.267986605881	0.0	0.0	0.0	0.0
12.0013489205	2.82422195793	4.156065704	1.34381815097	0.760825911939	0.0	0.0595334644086	0.0	0.0	0.434572978176	0.248890982045	0.743421104803	2.01181842484	0.0	1.49245821191	3.14448448924	0.0	0.0	0.0	0.0	1.60689345883	1.13403886496	0.0	0.0	0.0376073754189	0.0	0.0	0.0	0.0	0.0	0.0	0.0
2.9647759903	3.43741187282	6.58858175623	1.43403144694	0.773849971369	0.0844862668739	0.256613270505	0.170854193679	0.538817380065	0.71374707359	0.0839282368947	2.0702516234	4.75595982404	0.480479982223	2.7377590987	2.08186102297	0.0	0.0	0.105036686114	0.15431987429	0.376912786054	1.16854645676	0.226450941621	0.301452348846	0.375985486087	0.224703921686	0.0247406600846	0.0747654572336	0.793676370633	0.0	0.0	0.0	0.0
4.05674647462	0.0	6.01463766894	1.17574791721	0.785573879199	0.643076392275	0.0557627540153	0.111474507999	0.473011688538	0.881093537469	0.109839787002	2.58795577865	6.08549371215	0.0957399784015	2.6777056334	4.55008677556	0.0498402904025	0.0	0.304345405651	0.0	0.387120836144	2.1478629102	0.0637071988613	0.175007966755	0.173457225809	0.0953180381441	0.173669725939	0.0	0.125723916691	0.0	0.0	0.0	0.0	0.0
5.56118188574	0.0	3.19998520801	2.09638332603	1.73444152871	0.998720940718	0.0	0.18116129855	0.460151742316	0.606609160301	0.444828750894	1.62923508763	6.79710119361	0.495981222251	2.74824396098	4.20619264454	0.0	0.0818299541752	0.292400686256	0.0	0.0	1.65168057506	0.36126979769	0.316775722606	0.753150578236	0.0	0.0602465162621	0.0	0.157398411857	0.0	0.165029807583	0.0	0.0	0.0	0.0
2.81682146475	0.0	4.37954627736	1.81885774581	1.04897574547	0.563079892802	0.119390462083	0.0	0.558144290236	1.36843631159	0.0	3.18963765861	8.02771617442	0.54034948098	2.76094223569	4.37659427581	0.102449573274	0.0	0.869576852182	0.203397225767	0.913428474984	1.10215497312	0.0	0.398664207306	0.346754340312	0.0	0.0	0.0991397315527	0.395942605891	0.0	0.0	0.0	0.0	0.0	0.0	0.0
2.28506497986	0.0	6.46667635801	2.66102205881	0.805109069072	0.0762695960166	0.0	0.243917371223	0.653268437185	0.568849219458	0.205348563123	2.27125287696	7.27712452821	0.219650916127	3.48947073279	4.30950190498	0.0926835394635	0.0	0.137729568923	0.0	0.951699399856	2.62972005224	0.0	0.70956394901	0.611599028434	0.058590252304	0.0	0.0	0.146357600735	0.129529997201	0.0	0.0	0.0	0.0	0.0	0.0	0.0
6.91485440587	0.0	7.95472356462	0.85116131141	1.1567342642	0.293954462191	0.0186121189428	0.0644867078302	0.0	0.940161039411	0.240200465678	2.33836610826	6.69453058413	0.654378470607	2.62000668041	2.35805769233	0.0632984487916	0.031642726401	0.352675054686	0.116371105856	0.15756535253	3.01208656322	0.029892409817	0.324111997794	0.300571776838	0.121266261896	0.0500470995118	0.0	0.151415817505	0.0196676060889	0.140621546237	0.0285383569125	0.0	0.0	0.0	0.0	0.0	0.0
8.80674485512	0.0	5.02795734636	2.13120542294	1.26665743533	0.0	0.483619437128	0.289522702362	0.0189181175407	0.410213646671	0.101863696758	2.18425711604	5.63257426778	0.797584996315	2.71051914763	3.74743541283	0.0846186789997	0.0	0.50684393411	0.496376335471	0.42829794432	1.95011284648	0.0	0.4092347468	0.0	0.081421849415	0.0813836294201	0.0	0.0813450194251	0.243804958305	0.0	0.486579536746	0.161888198954	0.379018720727	0.0	0.0	0.0	0.0	0.0
1.14693634408	0.0	4.34428130328	1.55411646624	2.16668465	0.0	0.0	0.224424467327	1.65186449556	1.74562052369	0.0	3.09681292904	7.97112239132	0.162957648887	4.48116134436	6.27108188132	0.0	0.0914240274272	0.669748200924	0.212186063656	0.85586025676	1.44574843372	0.0876304262892	0.328651698596	0.218862465659	0.0	0.0	0.0870284261084	0.260759678228	0.0	0.0	0.151857645557	0.346060903818	0.150813645244	0.0	0.276303682891	0.0	0.0	0.0	0.0
4.12066173364	0.0	3.83029579334	1.71245425815	1.25580470931	0.364330309618	0.00931515387668	0.0	0.0	1.06456851449	0.174422104068	3.00196094892	10.5805771807	0.816748250788	4.01689489071	4.7323813972	0.0	0.0311269368802	0.468297642438	0.114959836772	0.233027881835	1.43935340836	0.0604356067605	0.0	0.53929320339	0.0298179716001	0.0694314118126	0.0	0.13860083377	0.118249674963	0.0	0.148298148436	0.0592732573997	0.0583150879265	0.0	0.0295810327304	1.2252720261	0.556250794062	0.0	0.0	0.0
7.59990359474	0.0	3.83748301513	0.0	1.8968384972	0.149570890747	0.268492266997	0.0141820207081	2.16541602424	0.470219622415	0.0	2.07901358338	8.78921815729	0.779793368844	2.83193953951	5.21711646771	0.0	0.0	0.498573835826	0.382237980799	0.953812051151	1.81283845747	0.110085832071	0.364766392534	0.472580023532	0.218462683333	0.327186034759	0.0	0.0	0.10885943149	0.108792231459	0.0	0.0	0.32577147409	0.1084566513	0.0	0.108389871269	0.0	0.0	0.0	0.0	0.0
4.83719717155	0.0	5.1790900423	2.53628524128	1.32894459766	0.0	0.0793328200122	0.0	0.0	0.655603552182	0.53595609741	2.60494761533	9.0306845864	0.496086512481	4.77265419593	3.97524529736	0.0	0.0	0.119042875002	0.0	1.41211946622	1.64401407856	0.279994394162	0.376094627836	1.88393678787	0.0892352862691	0.267449148904	0.0	0.0463716124715	0.0	0.0889360063822	0.0888930063985	0.134897399009	0.223204315629	0.0	0.0	0.00313203281609	0.310651232574	0.0	0.0	0.0	0.0	0.0
3.31525926565	0.0	4.99985873482	1.8371916747	1.02378457904	0.600407208746	0.191416537838	0.0260229110529	0.0	1.06821143888	0.295172637598	3.93186729623	7.9199666682	0.911219227411	5.55056347661	4.45923000657	0.0856060753112	0.171092470461	0.75892182227	0.207801279908	1.06148382982	2.32223512805	0.0	0.264661236499	0.99013333371	0.080596228563	0.145930156568	0.0	0.241045964689	0.225160623292	0.0	0.0	0.0	0.112387591386	0.0798931076161	0.0	0.0644886868661	0.0321686193311	0.318391468873	0.127069531163	0.580761182285	0.0	0.0	0.0
9.54512832006	0.0	3.98902429793	1.35677676121	2.2494461041	0.480334415463	0.141004325183	0.0	0.0	1.10840830492	0.0	2.17408911736	7.64581365432	0.275175851569	2.4153610749	3.0954684552	0.0637226887847	0.0337199340653	0.361708136339	0.0966284829936	1.52734923119	2.5954645432	0.152285823198	1.1834952917	0.710203375003	0.299850697226	0.0	0.0598423394678	0.744740868924	0.266049403175	0.027846715099	0.0	0.0	0.264728653408	0.059193439582	0.027568345148	0.0	0.0275516051509	0.290901548801	1.18585329129	0.545264904033	0.0	0.0	0.0	0.0
2.19085491643	0.0	4.91482201786	1.100922156	2.13179094025	0.250544418955	0.158840695939	0.0	0.0	0.621514949341	0.21502507328	2.57472476161	9.17129230123	0.251717418482	3.85125184679	4.9002860237	0.157801096359	0.0769588889624	0.00161944314688	0.401445058097	0.418644911161	3.62627053753	0.128151348317	0.479844206478	1.79290907692	0.437507663553	0.282076026239	0.0196837600615	0.493786800857	0.347165999988	0.144335521789	0.35539447667	0.287763003945	0.123155290331	0.0956312014318	0.0	0.0851882856435	0.143197482248	0.0613299352658	1.46861380771	0.767394690512	1.06700176968	0.403542197252	0.0	0.0	0.0
6.47956245789	0.0	8.1848638416	3.48914448506	1.33058439938	0.0	0.0	0.0	0.0	0.333883845124	0.0867977395294	1.0649027396	2.3902231378	0.530211819295	2.10404477341	1.29050749037	0.0511712615136	0.0511529315094	0.0373010883927	0.171716418636	1.32410309792	15.2313404271	0.0	0.463583664306	0.191187113017	0.0851682491628	0.0	0.0	0.0	0.376416034694	0.0	0.124370017983	0.0821846884917	0.917308606396	0.124870568096	0.0	0.0	0.0	0.0	0.0	0.0	0.0	0.041310894295	0.44208820947	0.0	0.0	0.0
6.25161566928	0.0	8.73772753776	4.01398538766	1.08061434284	0.0	0.0	0.0	0.0	0.420167977773	0.00995135947358	0.429195337296	2.52348466651	0.166134231212	0.570263969832	0.546815971075	0.0	0.0	0.0	0.0826329556286	0.239001107357	18.8903990007	0.419535337807	0.780465558715	0.00225652308063	0.104288634483	0.20831902898	0.103673754516	0.0806231957352	0.344150381795	0.0166519191191	0.28810222476	0.0534206371742	1.00660794675	0.0362697100813	0.0159616791556	0.140304472578	0.0808655957222	0.255931666461	0.020131822935	0.0	0.0804503957443	0.0	0.0	0.0	0.0	0.0	0.0
4.82456090746	0.0	10.3754588118	3.19035166459	0.81542392098	0.0	0.0354615546101	0.0	0.0	0.0	0.0497345234779	0.0	0.700925589948	0.0973742963885	0.663925679923	0.262629781173	0.0	0.0	0.0	0.0598976162322	0.0	25.7471549775	0.373566301236	0.00733971198906	0.0927795651434	0.166854355218	0.190006861492	0.0	0.0318497636313	0.217333188898	0.039940841824	0.0797195916041	0.0709397692247	0.60124976294	0.11177001029	0.0	0.0	0.0	0.0	0.0	0.0	0.0792932914885	0.0	0.0	0.114457661018	0.0	0.0	0.0	0.0
6.29524618885	0.0	9.1291444732	4.10842251276	1.14557430647	0.0373209274059	0.217769868162	0.0453206725629	0.0	0.5289096798	0.24681235058	0.436987235448	2.119268717	0.172044895844	0.660814599945	0.56552965763	0.0227429862314	0.0514574688475	0.0	0.0	0.64157961159	19.938887929	0.00470521715146	0.19600338134	0.451336226761	0.330445299948	0.459528221801	0.0218725367583	0.0	0.5976246382	0.0	0.0	0.0	1.30347421088	0.063628961479	0.0	0.0	0.0	0.0815039506575	0.021015837277	0.0	0.105027436416	0.0	0.0	0.0	0.0	0.0	0.0	0.0	0.0
6.49622696751	0.0	8.1373049593	4.35332427823	1.7395997913	0.0	0.0125528849372	0.0	0.0	0.0	0.121912439391	0.303617278482	2.15045068925	0.204642088977	0.548805897256	0.551294697246	0.0	0.123715799381	0.122494349387	0.0860670895696	0.0	20.5823248971	0.0	1.00665839497	0.622995596884	0.2800052986	0.200133178999	0.0	0.396378628018	0.627611096864	0.193464419033	0.297215248514	0.0155254199224	1.11044849445	0.117722279411	0.100822919496	0.0876455395619	0.0	0.245550208772	0.0	0.0333446668333	0.0	0.0	0.0	0.0	0.0166547639167	0.0160266989199	0.0974630395124	0.0	0.0	0.0
9.51616311807	0.0	6.88719715164	5.54928815085	1.21108610589	0.0	0.0	0.0	0.0	0.159289639149	0.0	0.893116268049	1.6062760015	0.0580726034382	0.157585077874	0.235889336445	0.0	0.0558672817888	0.0	0.0516797706565	1.56841477317	18.3466537233	0.813894208795	0.90167027445	0.0	0.324424082669	0.77461337941	0.0660977694411	0.0191739223421	0.489183605909	0.0	0.14369014748	0.177974813125	1.6105712047	0.125455293841	0.0	0.0283692452202	0.124702333278	0.103600717494	0.0	0.0	0.0	0.0	0.0	0.0	0.0	0.0	0.0	0.0	0.0	0.0	0.0
5.68742628841	0.0	11.152252722	4.91178769457	1.5092005151	0.0	0.0	0.0	0.0	0.228727180732	0.012966547538	0.224689643368	2.31705248789	0.487112082111	0.502677111953	1.61746884444	0.0	0.0193651803623	0.0	0.358364036132	0.0	17.2293877561	0.61897069606	0.593896412422	0.658418570318	0.162504783949	0.0872183330812	0.054222674614	0.154272299322	0.379387532412	0.173094177039	0.132111423784	0.679936556273	2.37393205077	0.0747151112411	0.160237975429	0.0	0.0	0.0	0.021135485207	0.147865663503	0.0	0.0	0.0278843418027	0.0	0.0210705072494	0.0	0.0	0.00342854656253	0.217218768243	0.0	0.0	0.0
7.19706901558	0.0	9.57377201139	3.92083904283	0.970477606631	0.0217951111322	0.0297027664454	0.0	0.0	0.0	0.0159249306726	0.144113100383	1.04967403981	0.130717314771	0.825930346064	0.577195441844	0.0	0.0	0.139271458355	0.135256016672	0.610508055803	22.5484114478	0.18551221773	0.114575088007	0.0	0.164315048848	0.487287564173	0.101697702611	0.0428860079693	0.607484054534	0.0269625892973	0.436959543086	0.676409683414	2.68493512499	0.162068647907	0.0	0.0	0.100516182116	0.0	0.0	0.0	0.0	0.0	0.0	0.0505956451996	0.0	0.0350008166653	0.0	0.0	0.232136377265	0.0	0.0	0.0	0.0
11.1304119676	0.0	7.24300953414	3.52199870477	0.826370017308	0.0	0.234254496643	0.0	0.0	0.0	0.137696436198	0.264720665715	2.81296026091	0.193817371329	0.803281002854	0.224045390252	0.0851450033005	0.00845009528974	0.0	0.126918629451	0.170742656885	20.1275925999	0.0	0.0360737525822	0.805305004119	0.25648606056	0.625229391391	0.0318053649102	0.138943836979	0.0	0.0515490572697	0.0	0.475298747537	2.82801377033	0.0863225540381	0.0	0.0	0.00575998860574	0.873961547102	0.0590128369418	0.206345279172	0.0	0.0	0.0	0.0294149534138	0.0294086834098	0.0294024134059	0.0	0.0	0.0	0.520251925678	0.0	0.0	0.0	0.0
8.35397056799	0.0	9.8299630217	3.77464196033	1.74352693596	0.0	0.184036216573	0.0904618678079	0.0	0.0	0.112827714683	0.16860765183	3.19328338161	0.299861052177	0.815629050723	1.05636192473	0.0	0.0113262834817	0.0543555767089	0.213897665752	0.0434266693493	19.4287579724	0.0	0.463124622364	0.0903554677754	0.111835394378	0.674430607318	0.0	0.270099283028	0.506326395645	0.0	0.0	1.02723071577	2.86297848008	0.128522839508	0.163199730168	0.0	0.0733919425607	0.0	0.0923485083881	0.0	0.0	0.0307506174527	0.0	0.00391960920489	0.0	0.0612897788406	0.0	0.0	0.0612516988289	0.0	0.0040087948323	0.0	0.0	0.0	0.0
8.56122545563	0.0	9.48565107293	3.33917831758	1.28650656739	0.0	0.0	0.0	0.0	0.0	0.161089343309	0.384364520873	1.35671343832	0.190961320942	1.34749654214	0.623642441813	0.0360061440935	0.327008864618	0.704343008399	0.0	0.0	21.8065379721	0.30734273276	0.162933292546	0.0	0.29004779992	0.298365806476	0.0	0.0	0.6528948297	0.08785007363	0.581872859107	0.793684771412	3.75776334429	0.230003454779	0.0	0.0	0.0	0.0	0.0503922541376	0.0251889735718	0.075538648727	0.0	0.0	0.0753961487862	0.0	0.0	0.0	0.0	0.0	0.0	0.0	0.0	0.0	0.0	0.0	0.0
2.28471805167	0.0	9.64591968499	3.79868588832	1.24770150055	0.0	0.050029105993	0.0	0.491149682124	0.0	0.0	1.09929693617	2.30009964797	0.324391602146	0.950225371944	0.74311322165	0.0781132212527	0.0	0.0	0.353364335192	0.0	23.9106682614	0.499844460037	1.06815094365	0.0	0.370982990964	0.824440802133	0.0	0.0562128905089	1.17436051815	0.0	0.409950281612	1.52049283508	3.51158595722	0.220834367	0.228931745057	0.252946059293	0.0	0.0	0.171598758817	0.0543641409526	0.00821395802864	0.0	0.341440118054	0.0	0.0	0.0	0.0	0.0	0.0	0.00817266203856	0.0	0.0	0.0	0.0	0.0	0.0	0.0
5.75923186544	0.0	7.76829395339	4.37231887377	1.58472229049	0.0	0.00789189895262	0.0	0.0	0.484605937092	0.0	0.0	2.25877958645	0.212991178722	1.22021439268	0.637123296177	0.127510799235	0.0	0.0	0.0	0.0	25.6337888462	0.0	0.0	0.378533377729	0.411126747533	0.466843397199	0.129614149222	0.109555329343	1.39391629163	0.0	0.332140498007	1.49058189106	3.21460908071	0.146476939121	0.103077719382	0.0	0.0	0.0	0.0609174996348	0.0	0.0374849417751	0.06328988962	0.203130508781	0.0759176595445	0.0	0.0314123668116	0.01832640289	0.0260840178435	0.0391162327653	0.0	0.0390888567655	0.0494670747032	0.111816209329	0.0	0.0	0.0	0.0	0.0
6.38148218244	0.0	7.9158027072	3.56614921963	1.41861048517	0.0	0.108060636957	0.101385034673	0.0	0.226306877397	0.0691038236334	0.739524252918	2.94310300654	0.41698814261	0.938262320886	0.721110246618	0.0	0.0	0.112360838428	0.0756378258684	0.427142546083	19.6863667327	0.107507436767	0.598077204542	0.303632503843	0.270459092497	0.681246232986	0.0	0.357595922298	1.31399444939	0.131997045143	0.346376518461	1.08188437	3.99867736755	0.0568623194469	0.095561432682	0.273921693681	0.0581715198947	0.337050715271	0.234534680211	0.094289432247	0.569908394909	0.0694758237606	1.89816064917	0.127656643658	0.0	0.0388264932787	0.63868221843	0.110456437776	0.0251833286127	0.0	0.0309058905698	0.0707418241938	0.230765478922	0.0	0.0	0.0	0.0	0.0	0.0
7.91121537812	0.0	11.0165437041	3.52186700384	1.58699497765	0.0457662455422	0.0	0.0411758715821	0.0	0.072688241038	0.0410456365265	0.207952748796	1.96248063798	0.0194154542904	0.470440130878	0.110596707225	0.0	0.0	0.183241028244	0.162642539449	0.0	23.1746418955	0.0972584415294	0.342700586333	0.0	0.928639996531	0.307205281177	0.0	0.0395378378827	1.03616474245	0.284546821502	0.0	1.37581288747	4.54459954054	0.183737568456	0.0841056159131	0.0	0.170358432743	0.309031621956	0.0821792350903	0.0	0.0	0.0	0.2121770006	0.00655140279746	0.0250124506803	0.0	0.0131191536019	0.0249613326585	0.0249570626566	0.0	0.0	0.124679173238	0.0878485775113	0.102714893859	0.0248512276115	0.0385409144569	0.0	0.0	0.0	0.0
6.57280285821	0.0	7.36584447914	3.58334408716	1.51392147635	0.127661658978	0.0214624677409	0.0143316031495	0.0	0.0604416631089	0.137875534095	0.451000184422	4.05091066367	0.202116803388	1.3112807732	0.665185282039	0.0495064803359	0.109340667735	0.0	0.0	0.0	25.3483158835	0.466266437125	0.865984586057	0.128142778748	0.619845323714	0.455721482165	0.102704190907	0.278741326761	0.897319371084	0.019378648737	0.267735712022	0.978905132086	3.50330212542	0.357549489091	0.0	0.24169448447	0.118247583478	0.0531342846018	0.0544290919829	0.0578280543582	0.0	0.0	0.375695020418	0.0467401036582	0.0285945103319	0.0304369014511	0.0	0.0209208359998	0.0494462783647	0.0	0.0626801100391	0.0389207913958	0.078602942428	0.111663806625	0.104026030275	0.0	0.0	0.0	0.0	0.0	0.0
9.7350188418	0.0	8.95551929395	4.34284505215	1.1233600895	0.0095395297044	0.0978781287884	0.0	0.0	0.261394743708	0.150091305484	0.101350691229	1.77437734703	0.295591797742	0.891223826352	0.157852280939	0.0710747599514	0.0402613122956	0.0	0.0	0.0	22.8815530811	0.0	0.508600617444	0.0575875214725	0.403057903269	0.966294679115	0.0218898063842	0.0	1.61062763195	0.184038879343	0.273051011901	1.39469498019	6.03448444103	0.121206415184	0.0	0.0	0.0	0.0	0.0	0.014896108469	0.0	0.0	0.082746148154	0.00519959525428	0.0	0.0425082718748	0.108877306519	0.0	0.0414567381358	0.0	0.0	0.00945933064801	0.139237027856	0.0369053629371	0.0	0.0	0.0	0.0542481411256	0.0	0.0	0.0	0.0
7.65324675251	0.0	7.29369481114	4.42991287793	1.04243823008	0.0	0.0	0.0	0.0	0.0	0.0304526670362	0.983782239642	2.23893723505	0.258326357893	0.867007858675	1.21947500122	0.0	0.0	0.182141410311	0.226602843064	0.0	21.7218524593	0.0	1.54942694744	0.849203061581	0.44803448697	0.696351886496	0.0336917705082	0.0	1.79356130765	0.0	0.242108760536	2.26222683126	7.22623882214	0.280931154208	0.0880665456454	0.0	0.0	0.0	0.158472294169	0.0	0.0	0.0	0.0	0.0	0.0453509046078	0.0	0.0	0.0678259089446	0.0	0.0	0.0	0.0	0.0	0.02257657232	0.0	0.0440668728171	0.0	0.0439951288288	0.0	0.0	0.0	0.0	0.0
8.22054102233	0.0	8.88581529582	4.50200558336	1.24545063984	0.0	0.0	0.0	0.0	0.0	0.0	0.443279365894	0.821937102363	0.285592138105	0.876615042648	1.07866732199	0.0187486445246	0.0	0.0	0.0536865613689	0.0	25.1985874806	0.198071033687	0.596647348402	0.345443422741	0.35743070965	0.949265463308	0.0789814137443	0.0724710208547	1.6319922177	0.0362925803649	0.35279751471	1.33790003888	6.40275300755	0.304704717232	0.0	0.107579432513	0.0	0.253655072983	0.0178941554578	0.0	0.0	0.0133597604098	0.0627576914623	0.00465785591316	0.0	0.0156505529081	0.0468852937966	0.0931117483127	0.0531763769261	0.00225927403265	0.0132865704897	0.0	0.0	0.0	0.00226619652509	0.0177833305788	0.0	0.0	0.0	0.0	0.0	0.0	0.0	0.0
7.24647135511	0.0	8.90392966505	4.25231479518	1.24375043258	0.044235320272	0.0	0.0	0.0	0.0701672531215	0.0117998122066	1.00300218756	3.91572793224	0.325640760895	1.28162123967	1.18698382196	0.0188047235165	0.0342978964137	0.348054365086	0.0	0.189847715501	21.7790140727	0.160991850105	0.0	0.42235189898	0.261369288876	0.653412002188	0.0116560641797	0.392030173309	2.05544498437	0.229730862959	0.306775977367	1.59403229808	6.10607034183	0.299294875968	0.0806058150731	0.119566942359	0.0	0.303554516765	0.0377820370652	0.140600486292	0.209794239232	0.0131475984586	0.146281107354	0.0	0.0	0.0	0.173858552512	0.00228591042746	0.0	0.0136477465522	0.0	0.0	0.0800857349761	0.053876800075	0.0521479297516	0.131856144657	0.0	0.0460586366129	0.0460258346069	0.0	0.0	0.0	0.0	0.0	0.0
15.2719829017	0.0	4.67506658827	2.76553272545	0.678857528982	0.0	0.0	0.0	0.0	0.0	1.8742449561	4.15924689026	15.3038749077	0.0	1.39709096545	2.75204562289	0.0	0.0	0.0	1.78244823866	0.0	5.47169673963	0.389323003971	0.0	1.30282864754	0.367990199918	0.0	0.0	0.0	2.02655608505	0.257481048921	1.69412882188	0.0	0.0	0.0	0.0	1.9652443734	1.25711453886	0.0	0.0	0.0	0.26978895126	0.0	0.269017111113	0.0	0.0	0.0	0.802465852465	0.0	0.0	0.0	0.0	0.0	0.0	0.265973300535	0.0	0.0	0.0	0.0	0.0	0.0	0.0	0.0	0.0	0.0	0.0	0.0
8.19270515712	0.0	2.83979461459	1.14313400334	2.24448202116	0.0694470159022	0.276096904194	0.0	0.0	0.661743130375	1.06118723177	3.47791999316	12.302487731	1.16819879464	3.04805814232	2.92990818333	0.106565483022	0.637683378724	0.0	1.56392465732	0.0343139440931	5.5827300628	0.0	1.18003079053	0.498477227028	0.887141292164	1.97110171603	0.0	2.25315881816	1.97187691576	0.140171071361	0.46469687875	0.261270189339	3.2858608598	0.307555053278	0.0	1.32050514178	1.35551832964	2.27965160896	0.36458119349	0.145565509489	0.413556136496	0.144807309752	0.266533387513	0.0	0.0	0.0	0.287964260077	0.0	0.0	0.143758750116	0.0	0.0	0.21536000527	0.0	0.143388150244	0.0	0.0	0.142945470398	0.0	0.0	0.214143485692	0.0	0.0	0.0	0.0	0.0	0.0
6.50404017221	0.0	5.26244659029	2.16662878998	1.27805320194	0.151346063124	0.129320561027	0.288990098722	0.0	0.890583489134	0.439167991204	5.14860342776	16.9074242861	0.912815301347	3.86820422453	4.56880990933	0.00587674702769	0.118890515298	0.222434732168	0.0	0.0	3.73085274909	0.0	1.54155054666	1.49460292088	1.05892288159	1.16316123884	0.0308593009489	1.69161182908	2.19660930644	0.360734958127	0.0917031203659	0.748402011047	1.60777678304	0.235583379389	0.211741796295	0.297942853639	0.681292574186	1.47949881259	0.0684118125738	0.136086704743	0.272456309641	0.0	0.203445231738	0.0451772918127	0.0	0.00014804441131	0.0	0.0225663933941	0.0451238167834	0.067787569231	0.0450823477606	0.0	0.0	0.0678718182773	0.134981324136	0.359572307488	0.0448058646087	0.0	0.0	0.0	0.0	0.0	0.0	0.0	0.0	0.0	0.0	0.0
2.38527717469	0.0	4.14921356437	2.2028992378	2.05928028749	0.193334333107	0.0	0.0	0.0	1.15122660168	0.434961649503	4.82302633123	20.6644828501	1.23160057387	5.08077324206	4.17790655444	0.0	0.0883238694401	0.201141430405	0.155390846235	0.0	2.2945012061	0.0	1.86191535578	3.39372482577	0.59699269344	1.05305863564	0.0626772783136	0.391049264697	1.26331756289	0.0	0.280702702877	0.683503563508	2.06708528479	0.253369812334	0.370651271754	1.01272464959	0.875419697103	2.65429408161	0.0299195296478	0.0815688717774	0.518230820692	0.0	0.0294688698038	0.0	0.0	0.0	0.0848182706532	0.0811138719349	0.0	0.111568061398	0.109055062267	0.161722344044	0.247501014365	0.0	0.134138153588	0.0	0.0534966414902	0.136775052676	0.0801030722842	0.0	0.0266939307639	0.0	0.0	0.0	0.0	0.0	0.0	0.0	0.0
5.29517133792	0.0	6.94423105145	1.66280530948	2.86837075383	0.368252041366	0.010521912896	0.0	0.0	1.45866616969	0.330365742542	6.48470498701	19.4042232758	1.08977157852	3.88795885305	5.15444937944	0.0	0.190327513853	0.0	0.146825116686	0.0	2.30979261861	0.27840582787	1.17196115427	1.62783781978	0.621076576782	1.23177153663	0.00859831046352	0.517993837192	0.975610712194	0.0	0.334642071281	0.500887102238	1.42513997958	0.217783915754	0.0797116764848	0.100427340374	0.511003889254	0.664754343897	0.0715892788811	0.0715658488881	0.143061407797	0.0	0.0780737069683	0.0357276154603	0.0	0.0714380489258	0.0	0.0421925895532	0.17820284743	0.0129183041891	0.0	0.0	0.274561889004	0.685534617767	0.317927966211	0.716602788605	0.0	0.426559354165	0.0	0.0	0.0	0.0	0.0	0.0	0.0	0.0	0.0	0.0	0.0	0.0
8.89422827335	0.0	5.8856807339	3.01864913518	2.39633899593	0.214364070181	0.0	0.0	0.0	0.466975244337	0.371769684229	5.35290255714	15.6311934505	0.624172058472	3.47117614558	4.67291324205	0.0	0.104504356212	0.556776486711	0.0	0.0	4.4842517211	0.0	1.65981530454	1.64620731024	0.81280045944	0.374450243106	0.165075050833	0.197490157252	0.987249186346	0.0	0.263917329419	0.31770922688	0.69732834782	0.0539850013803	0.0809524460808	0.386269038153	0.188014241222	0.411225667697	0.0535877775467	0.0	0.293878676865	0.0	0.0	0.0354213211585	0.106809075247	0.106024995575	0.202921834976	0.0789263669297	0.274218365102	0.510854905952	0.14061954108	0.13892610179	0.935877207866	1.24040108028	0.750038085734	1.56185934558	0.0511057945867	0.709606502675	0.344349935717	0.0507968427162	0.0	0.0253910773611	0.0	0.0	0.0	0.0	0.0	0.0	0.0	0.0	0.0
1.77838985034	0.0	6.48085367673	1.49098149372	2.2502546433	0.0622524412637	0.0	0.0250512689351	0.0	0.499125918328	0.406364070054	6.43573966784	21.3771782113	1.39966577574	4.36721856034	4.49166898486	0.0830010163513	0.0559614460244	0.0	0.0	0.149416429435	4.54014099441	0.198558579116	1.93658818151	2.27601634837	1.1613864288	1.33592946318	0.0	0.642900906651	1.14434092544	0.0431740335053	0.0595102687235	0.246580908576	1.18490703342	0.0418748522494	0.119057183454	0.294219257961	0.525857793594	0.681201094197	0.0234884116273	0.0	0.0	0.0	0.0671987032381	0.0469382792468	0.0	0.227932324903	0.3010162893	0.0434043485506	0.0399927658786	0.090046247739	0.0666286461258	0.0	0.566836351667	0.829988263505	0.688282095592	1.35290926652	0.0227926484902	0.564796731265	0.136314386854	0.0	0.022710669474	0.0	0.0	0.0	0.0	0.0	0.0680888654135	0.0552669968876	0.0	0.0	0.0	0.0
1.74640763402	0.0	6.99778873771	3.63861008757	2.91130839011	0.111852494988	0.0181026224257	0.0	0.0	0.776215704014	0.525393410403	6.77415330774	20.3670227292	0.998578333807	3.29119484102	4.06576774481	0.0952084127576	0.0232155051109	0.58044867778	0.276613517066	0.0985339732038	3.96159053085	0.0	1.89136625344	2.88810198701	0.788248105628	0.852139714189	0.0	0.538081452103	1.22516636417	0.0418951796139	0.149659100054	0.586883718643	1.71346282961	0.238689991984	0.0719812156455	0.758877501691	0.340693085653	0.936958525556	0.0	0.0	0.0	0.0	0.0155765580872	0.023537183154	0.0117677035769	0.0939970325955	0.0976341330832	0.0978235731084	0.0819897909868	0.156110420919	0.085873311507	0.152000460368	0.496673266554	0.438176998716	0.449248140199	0.943729526459	0.0230931090945	0.376229370415	0.164811342085	0.0115163995432	0.0	0.0	0.0	0.0	0.0	0.0	0.0	0.0	0.0	0.0	0.0	0.0	0.0
2.71394960404	0.0	5.86375414448	3.60699697374	2.7498820988	0.00157580977009	0.169148975321	0.0	0.0	0.562499167931	0.403759441091	6.70741402138	24.0427464922	1.1898373264	4.1034594013	5.25113173386	0.0182371473392	0.0704255147249	0.0890632370055	0.0	0.0	2.63280711587	0.0	0.766087388227	2.48039213811	1.02953984979	1.14504733294	0.0139997229575	0.523738423586	1.12924483524	0.0	0.0	0.416781689191	1.75168474443	0.183127473282	0.11254873358	0.339714700436	0.277701709483	0.425603187904	0.0443068435356	0.0147670478455	0.0	0.0	0.0816682380848	0.00393143192641	0.0295031206955	0.136627480066	0.156790477124	0.0588490414139	0.0518693924323	0.202605720439	0.0	0.0	0.712116646102	0.430889187134	0.407701440516	1.16890482946	0.0288749207872	0.669928402258	0.0	0.0	0.0	0.0	0.0287656458031	0.0	0.0	0.0	0.0	0.0	0.0	0.0	0.0	0.0	0.0	0.0
5.32358839302	0.0	5.091491941	1.9553664382	2.53444856797	0.090548700292	0.0652582506244	0.0	0.537676560493	1.00662022558	0.503139112754	7.11920279541	21.2710367669	1.23082787583	4.65471224312	5.80976810197	0.0686483833841	0.0383992366053	0.0	0.0917320205572	0.0	2.80050182759	0.0	2.30184291584	2.12255127566	0.815654982788	0.877397396627	0.0397289329032	0.698767716594	0.718369640987	0.0481937388002	0.124092827809	0.339112835995	1.38531311045	0.154923754718	0.198689884526	0.301620507593	0.256465857474	0.524817357612	0.0	0.0196689564078	0.0	0.0196615844062	0.0454074261758	0.0171507718435	0.0	0.182678200938	0.283503623533	0.0866977794286	0.0	0.181554160687	0.0168247317704	0.0252159696509	0.380969845375	0.563774966342	0.498655871749	1.56232475012	0.0839914188222	0.684690233439	0.201216885093	0.0	0.0	0.0	0.0379135964964	0.0	0.00758905010071	0.0	0.0	0.0	0.0	0.0	0.0	0.0	0.0	0.0	0.0
3.29648464291	0.0	5.73781520817	2.37103728353	3.1203933887	0.308079229899	0.0	0.0	0.0	0.98478354396	0.396552976896	6.32005825678	22.0495602671	1.20510358667	4.16828611625	4.61478590016	0.134640624993	0.166534016701	0.313444588505	0.26638451074	0.0	2.13016594615	0.0	2.04053026946	2.06337616353	0.833470883299	1.25677057324	0.0123004388019	0.735934238657	0.921851460322	0.00880802770994	0.278826167505	0.297835152563	1.8642234153	0.112018030876	0.0939761655664	0.191744580146	0.310089699376	0.474664836587	0.0285233335839	0.028519252585	0.0495926841059	0.0	0.158167198877	0.0	0.0157371019084	0.166823536626	0.528761942522	0.169788035855	0.0487162703338	0.0	0.110097651374	0.11780688937	0.705337526612	0.874642772596	0.703753637024	2.13793524414	0.0180347813109	0.769680249883	0.31530798802	0.0135409084793	0.0177875343752	0.0406090194417	0.0	0.0	0.0	0.0	0.0	0.0128183406672	0.0	0.0	0.0	0.387387669279	0.500100239974	0.0	0.0	0.0
6.32437854038	0.0	5.26587985162	2.44278768172	2.47621847189	0.119368824901	0.110589927482	0.0	0.0	0.671359062594	0.38443614696	6.02183222934	21.4451576942	1.06484788689	5.25006925627	4.96594653982	0.0912178531781	0.139565358962	0.147043996763	0.0495770974223	0.0	2.05767839496	0.0	1.52508675156	2.4435442815	0.814031160641	0.915126930916	0.0	0.532931723296	1.20066924696	0.0	0.11263664688	0.443968849455	1.30773981548	0.206800559192	0.22006991529	0.783665769572	0.333892161822	0.222660294529	0.0401245142018	0.026744788136	0.00425209074971	0.0	0.162409212245	0.01544001746	0.0344051658835	0.0918621329886	0.166378631078	0.100716690385	0.040188474183	0.119930424735	0.0	0.0416850597429	0.722796927469	0.851666149573	1.0495130914	2.63122782631	0.00676358861123	0.977152512679	0.392336764637	0.0	0.0	0.0126008182948	0.000531393563749	0.0	0.0	0.0	0.00656633446923	0.00712263030566	0.0	0.0	0.0274287699349	0.0	0.379377068448	0.0	0.0	0.0	0.0
4.78199472152	0.0	3.77698867428	2.31810408635	2.97129955707	0.0	0.0	0.0	0.0	0.595167621096	0.487239438979	5.94681771267	22.9439619467	1.37808341629	5.0578310247	5.52924755923	0.1301990643	0.0	0.349733667243	0.0	0.0	1.78994977173	0.0	1.28502934896	2.16613973969	0.916115278446	0.950638266328	0.0548765407383	0.821181011769	1.1615365923	0.0418672993046	0.111972980698	0.527373794892	1.59445644035	0.18609865468	0.0936860671162	0.322092366945	0.468502225556	0.463698237242	0.0	0.0789591292854	0.0	0.0	0.0434727367411	0.0	0.028737661913	0.211827365648	0.28370549042	0.15809000451	0.0457398779453	0.272999414177	0.00931488673051	0.0589381663127	0.997264049959	1.17309428824	1.25560975928	2.85562779767	0.0407737026884	1.58985864196	0.478828311931	0.0290027858201	0.0	0.0	0.0	0.0805531117259	0.0	0.0	0.0	0.0	0.0	0.0	0.0	0.0	0.0857197099121	0.0	0.0	0.0	0.0	0.0
2.04183088394	0.0	3.69078998262	2.24731877162	3.27434221025	0.0424598967914	0.120277534256	0.095894347584	0.0	0.984831461688	0.620369260906	6.89436423154	22.8299875211	1.6306391087	5.97924473174	5.49795699482	0.122415133088	0.0	0.0	0.0	0.0	1.57750313774	0.0	0.840783540424	1.22721532921	0.684252425988	0.777274775142	0.046569654545	1.03514343419	1.47177519553	0.00741486794703	0.131103128339	0.785173970824	1.01782344366	0.150159917922	0.269956652442	0.404424578942	0.369094198253	0.705749214238	0.052204531465	0.084574353772	0.0	0.00337933415286	0.10923754029	0.015033031783	0.0378254193246	0.219927879787	0.1721551059	0.120979933872	0.215497482209	0.164114310295	0.186783097904	0.150022317998	1.06506341784	1.59347112901	1.65010309806	3.94182984539	0.0778436374506	1.891686966	0.571034887872	0.0128346329846	0.0	0.0	0.00936415488152	0.0808943557832	0.0	0.0	0.0	0.0	0.0	0.0	0.0	0.0	0.0	0.0	0.0	0.0	0.0	0.0	0.0
2.94413116786	0.0	4.46203059974	2.35021489452	2.95248226749	0.0236221099399	0.209164670613	0.0	0.0	0.737140466917	0.57665355412	6.45624241025	21.8742920183	1.51720283191	4.99824247568	4.9600185774	0.131116314115	0.0588759003576	0.0	0.0	0.0145134173486	1.21932534528	0.0	1.13060604926	1.46157203441	0.951579857297	0.761266315834	0.0310842346049	0.813531563485	1.25468184369	0.098597245575	0.188170281555	0.626396461887	1.11559674993	0.165529972571	0.11965238463	0.643134301136	0.51847854673	0.905839159346	0.0457378629473	0.0685329629243	0.0	0.00856016061582	0.0855975561582	0.0	0.0142493573605	0.0313246425942	0.11252762495	0.0756578846045	0.32909083523	0.261170718278	0.0393303582348	0.197212311149	0.916344858876	1.8514979169	2.10834890538	5.20383666645	0.114269124872	2.43010519093	0.719326947717	0.0178255072	0.000353717264125	0.0	0.0	0.0981128655968	0.0	0.0	0.0	0.0	0.0	0.0	0.0	0.0	0.0	0.0	0.0	0.0	0.0	0.0	0.0	0.0
2.80353004276	0.0	3.59135302997	2.28260058347	2.6497554843	0.1066262112	0.051470074098	0.0553661390456	0.0	0.720191865476	0.545838592569	6.2354751158	20.6870364124	1.30330764797	5.19962679558	4.74984871707	0.0334933009534	0.0577479924023	0.124616186341	0.200651485804	0.0	1.19870027623	0.0	1.18759747923	1.82520470702	0.812567300525	1.02865692216	0.0	0.779313029508	1.24194706455	0.196466206935	0.0817123219295	0.76079005451	1.52806138727	0.224378999395	0.128324225339	0.461922275235	0.546460152401	1.01180592671	0.0196650706885	0.122566186895	0.0573466845107	0.0	0.0907050955009	0.0527336937566	0.0621149832227	0.395938533057	0.184512250163	0.121409987207	0.226438018839	0.227131738652	0.140052682172	0.137478702867	1.47268680223	2.01920845461	2.2750729855	5.5738582945	0.0839909373139	2.89800221725	0.956414941675	0.00930076548785	0.00715963126619	0.0	0.0	0.329716170944	0.0	0.00456243776769	0.0	0.0	0.0	0.0	0.0	0.0	0.0	0.119488727726	0.0	0.0	0.0	0.0	0.0	0.0	0.0
6.49602015984	0.0	2.35853639434	0.0	1.60271346411	0.920370436819	0.0	0.0	0.0	0.801575022063	0.889228835565	4.68029548721	16.6438246657	1.24019434961	3.42321893693	5.13233010529	0.457591468304	0.219955818798	0.0	0.0	1.00260684011	2.70647240826	0.568475322739	0.576453283058	3.84080025363	0.965306638612	1.37687045508	0.0	0.0	1.42393145695	0.530391601216	0.089092203564	0.0	1.20553354822	0.356330634254	0.0	0.433187807328	0.277163571086	0.648527165941	0.0	0.0	0.0	0.0	0.521703160868	0.0	0.173294046932	0.0	0.980346239218	0.34201147368	0.341227953649	0.737850109514	0.308818112353	0.0	1.39966225598	2.3649688946	1.27577645103	5.19561760782	0.150374426015	2.68109930724	1.90676737627	0.0	0.0	0.0	0.436152567446	1.11384344455	0.431102847244	0.0	0.0999444539981	0.0	0.0	0.137584955504	0.0	0.0	0.0	0.437103747484	0.0	0.0	0.470929568837	0.626822665073	0.0	0.0	0.0	0.0
4.95646099384	0.0	4.50108028628	2.24659634394	2.54263748385	0.0842486228976	0.0	0.0	0.0	0.0	0.280354983088	5.29059612601	18.1907003073	0.830676671373	2.53853828468	4.6172354627	0.0962455004624	0.0	0.0	0.222684794795	0.0	2.80820342993	0.0987503799534	1.90278441373	2.13172636726	0.546025089157	0.0852902226859	0.124289734769	1.00177539664	1.18807055882	0.0888829019568	0.315294775995	0.503104457869	1.3684941222	0.130467933515	0.20280787883	0.344909809983	0.583834321482	0.959918205137	0.084597222827	0.169056685682	0.0	0.0	0.0192590960904	0.0268641185466	0.0421322914471	0.0879227821517	0.561651605985	0.0521718854091	0.549976448355	0.130567893495	0.403703078048	0.0	2.07442997889	2.01968719	2.41714990932	7.85437640556	0.0135386132517	3.13020056457	0.888896219551	0.103714778946	0.0451977868248	0.0	0.0	1.41989371176	0.0315061256042	0.0340113410957	0.0	0.203377398714	0.0	0.0	0.0554596447417	0.0	0.280207983118	0.411587316448	0.0	0.0425165913692	0.0424550193816	0.0212044516955	0.0	0.0	0.0	0.0	0.0
1.07192678053	0.0	5.95536505852	1.8933839955	2.29506860062	0.462417121014	0.0	0.0628808064559	0.0	0.611824210114	0.455566119222	4.99133730623	15.2790089985	0.995919760636	3.50702441779	4.06918056491	0.179949297093	0.0201136402637	0.262117118596	0.0	0.0	3.06771030282	0.0	2.26083909166	2.18557157197	1.55339240652	0.976811755629	0.0775513002952	1.35439035444	2.20424607685	0.147554088615	0.41566710878	0.775139852854	1.37588686007	0.396021053639	0.502779381577	0.445458766577	0.271824121137	1.14042829845	0.0	0.026235936866	0.067049972547	0.0	0.174592595691	0.0173493545404	0.202975803119	0.213548105886	0.837473769167	0.0533693889668	0.228903359904	0.43270961324	0.00376450648518	0.355301792982	1.91945350232	1.4841258884	2.62588868719	7.53846497282	0.029426922701	3.38387638556	1.27355533329	0.0436620464264	0.0267049669887	0.0436268564171	0.0714239036917	0.891939233419	0.133877585036	0.0	0.197828201772	0.0	0.128368733594	0.20485345361	0.0	0.0681212278273	0.199842702299	0.212605455638	0.0252038665958	0.0715525937253	0.202325552948	0.190337999812	0.155303540643	0.0	0.0	0.0	0.0	0.0
1.4763113196	0.0	4.02719330854	2.24180639642	2.66813446198	0.255671279257	0.0	0.0379077056127	0.0	1.2114225546	0.391039663579	6.12599021588	19.1569419328	0.847796268092	4.66875370817	4.45101877254	0.0241364310346	0.105866925945	0.0	0.0	0.0	3.0740031148	0.0	2.3209264457	2.59243721483	1.21552475715	0.921499173998	0.0427654186386	1.33332763053	1.97811303217	0.186709556301	0.1759518096	0.381645017726	1.38058465997	0.2798192343	0.174784788873	0.490877985768	0.205098087756	0.925584176544	0.0243067111406	0.145764070796	0.0	0.0	0.0912675568503	0.00422037522887	0.0768648698791	0.370786650963	0.0600147933833	0.254100058279	0.442272475492	0.0	0.251607776726	0.182746673833	2.09457430471	1.96068942131	2.26037380798	5.37501194809	0.13612174479	3.71226111237	0.920458573353	0.0411721816461	0.0	0.0	0.0	0.0	0.0261852103108	0.0	0.0	0.0	0.0	0.0	0.0600183193854	0.0	0.0	0.205162587796	0.147602751942	0.0720643468889	0.291301961452	0.198370303565	1.22503636308	0.0	0.0	0.0	0.0	0.0	0.0
1.20825586951	0.0	3.42253613036	1.40110004868	2.2833321534	0.394912967349	0.0	0.24963255304	0.0	0.492167646846	0.313985576089	6.13139393781	18.2675620271	1.15443767532	4.11163695594	5.30379782719	0.0	0.104120718755	0.0	0.372691429749	0.0	3.27445344636	0.0	1.54689463293	3.02554647324	1.08782178252	1.44510464393	0.0	1.78678840703	2.58111572124	0.132474015693	0.0	0.331355994213	0.908558301873	0.20601945775	0.155644723191	0.136992795205	0.429851293576	1.0045801915	0.0402782116499	0.0126331816356	0.0228687305302	0.0	0.133389255594	0.260652841849	0.0525521703244	0.541686301498	0.975322094669	0.0799884003612	0.335705993744	0.398954986913	0.156987133045	0.159740682748	1.9860966855	1.67011271963	2.92275598435	6.47178140105	0.233103424825	4.16214915049	1.43465594505	0.0403811326389	0.0120943036938	0.0569068678541	0.0	0.596462365582	0.0113118257783	0.0	0.0	0.0467095989554	0.0	0.0721074192124	0.0	0.0860864037027	0.329369784428	0.10425991874	0.0230701355084	0.0324416004963	0.0	0.0878160505161	0.184801900041	0.0	0.0	0.0	0.0	0.0	0.0	0.0
0.865525269034	0.0	3.99846659722	0.287522529235	2.61250117426	0.0	0.0270250761472	0.0	0.0	0.420634909065	0.342735514052	6.76460704053	17.3932078178	1.08455648748	4.549725245	5.8394538247	0.0	0.0	0.196326328244	0.459983246752	0.0	3.24448225832	0.0	0.894256401949	2.27064742061	1.01648845689	1.19669493789	0.157033430583	2.0314721131	2.14927776606	0.288575009708	0.477669494702	0.633098684563	1.36921901544	0.212853615673	0.400941380214	0.743800094321	0.518949433255	0.906198007317	0.107074048127	0.107001888095	0.0428151872445	0.0	5.17020472389e-05	0.0960098031543	0.138527022264	0.0	0.314417981324	0.0942445223606	0.354399039294	0.515463751689	0.223451460436	0.319492943605	0.957933230566	1.97155288617	2.83508847431	7.17243442384	0.120288134066	4.82745336983	1.44405424907	0.0220288739015	0.024350578945	0.0	0.0	0.0	0.0	0.0	0.0	0.0	0.294130452205	0.579276100371	0.063989932762	0.0353557758916	0.449404761997	0.232355304438	0.0	0.0683844787373	0.19513656771	0.057208737714	0.17406935824	0.162851993198	0.0	0.0157882630965	0.629986123165	0.0	0.0	0.0	0.0
2.84832089618	0.0	4.66587921279	2.78747158558	2.37010601287	0.0610485816347	0.116718180332	0.0	0.0	0.408653361188	0.624465048782	5.29641762264	17.6565350758	1.07929428801	4.35744965907	4.43759417303	0.0	0.192934233609	0.454718879212	0.0	0.0	1.86136412425	0.0535759623329	1.92153703473	2.97778031873	1.16467200288	1.39374914279	0.0075591095168	0.653413193825	2.89492130429	0.17904489119	0.0	0.777111645373	0.456672429553	0.173034720143	0.397198169192	0.292262700912	0.0309170923857	0.941566764018	0.0424777493996	0.063696777096	0.030131578249	0.0212164466959	0.196099074161	0.12078014104	0.0572437419718	0.0548593425565	0.598942514336	0.0	0.181834151675	0.343564979849	0.305939333295	0.164973988738	2.21700818621	1.97108334336	3.2600705679	7.05276172859	0.235720991063	4.86477644744	1.44448805163	0.0603631035153	0.113148389711	0.0	0.0502854537597	0.0942830564241	0.0	0.0	0.0	0.0	0.0	0.0	0.0	0.0	0.305412453202	0.191643733384	0.181612541637	0.209654666522	0.378259855893	0.124071361614	0.179799611321	0.349809220937	0.0	0.0	0.0	0.0	0.0	0.0	0.0	0.0
1.10460551066	0.0	5.13107772693	3.22899156956	1.74838422547	0.0407185919617	0.0	0.0	0.0	0.821573636043	0.424987911731	5.91266438069	14.8536834198	0.713354983984	4.18705914514	5.89027239061	0.0	0.0	0.0	0.0	0.0	2.28519798765	0.0	0.985508563419	2.36991495013	1.14951549076	1.68913725171	0.0909215597214	0.721293880467	2.02884210122	0.0	0.238809494208	1.07932452186	1.57886030057	0.0	0.337973250278	1.21632246117	0.255822186671	1.41270237418	0.197551712485	0.197341112578	0.049302608159	0.0	0.0	0.136227539651	0.113418849756	0.56490004975	0.98227756485	0.0967157571546	0.0282629574795	0.353390243448	0.776206456141	0.26160378411	2.8507847371	1.93838314129	3.22626457076	7.10010585465	0.152778532319	3.66494237643	1.4586923538	0.0	0.201741210628	0.0	0.226129399825	0.463356694733	0.0	0.0	0.204814709267	0.181209519725	0.479430687613	0.0376118833379	0.0	0.0	0.879286110476	0.317352459413	0.116387048441	0.19381581414	0.470275891668	0.15442373159	0.154295031648	0.137733238984	0.0	0.0384816429526	0.0	0.0969848570358	0.0	0.0	0.0	0.0	0.0
0.27185798178	0.0	2.9280800423	1.11158332995	2.51614119414	0.0	0.122658914339	0.0422023469335	0.0	1.74587160409	0.507992999385	7.05660492492	20.1292023531	1.19264613942	4.24786229658	6.07689881039	0.0810103024701	0.0	0.216347065291	0.0	0.0	3.05669945733	0.0	1.55829328216	2.0864209439	1.37644796091	0.550432674345	0.00847800689108	1.03719082125	2.60946170505	0.0355969291612	0.0304771775627	0.512371009896	0.877936252631	0.308487306062	0.307433525939	0.229134386786	0.465515104419	0.414830828494	0.110823452956	0.0579408897733	0.151458597706	0.0442182701691	0.133980225662	0.0405309497381	0.115115923457	0.436024730971	0.619053962368	0.269865081547	0.233071047246	0.628962953526	0.392470305879	0.186130511759	2.07410864246	2.37270697737	4.07134047594	6.72556508622	0.216388925296	5.49774744269	1.17068783685	0.0414656108473	0.154847438102	0.0	0.0708911922872	0.0	0.0	0.0	0.0	0.117166153696	0.129817885176	0.0	0.0	0.0	0.431083430394	0.152868187871	0.0731489935511	0.0	0.0	0.0690965810774	0.0	0.36210633233	0.0250577629293	0.0332120918825	0.00625190093085	0.07262647149	0.0	0.0	0.0	0.0	0.0	0.0
0.341876632137	0.0	3.37740311747	1.57951134847	2.77839106117	0.266847865084	0.135342132722	0.106713570031	0.0	0.565298653138	0.383816676079	5.1627368853	19.3612178199	1.21612971432	4.97114686729	4.90714246127	0.0237814502354	0.049744312676	0.14031933319	0.0	0.0	2.93258307566	0.0	1.48320573942	1.16732370973	0.853852080262	1.38729573041	0.0	0.909503805494	2.57230184179	0.270304305409	0.0	1.04340889808	0.868119441603	0.421845799654	0.560246932664	0.210635859799	1.15845490889	1.04849649856	0.175015296451	0.167999375792	0.0	0.0	0.260246864463	0.0863078761129	0.0591348455586	0.383791836077	0.613412817661	0.103442969723	0.535221090311	0.142600933404	0.476668604807	0.26882126527	1.17511611046	2.64212984836	3.79962795716	8.73242922085	0.303527348532	5.42727371017	1.56024654667	0.0145166813645	0.124802611732	0.0	0.0	0.0	0.0	0.0282419786548	0.0	0.223125780974	0.350152032914	0.398622237471	0.0	0.0	0.623930258649	0.321235510196	0.0748317030341	0.0	0.033861983183	0.0157916174844	0.0768629712251	0.427180880155	0.0787583554032	0.0	0.0202172779004	0.0198550738664	0.0	0.0	0.0	0.0	0.0	0.0	0.0
0.918591428201	0.0	4.36205215681	1.75380280016	2.78346130671	0.334314444721	0.0	0.42287552948	0.0	0.0889591246466	0.53000033895	4.56691249843	17.8099599242	1.33566561933	6.24692911963	4.26191908535	0.163926403281	0.0	0.0	0.0	0.0	2.54783657387	0.0	2.03020802139	1.22531185079	1.18043006358	1.00432531376	0.0	0.888221356857	1.96221574077	0.175418410006	0.220799607072	0.800659091812	1.4944072741	0.4256125187	0.377474802419	0.375764532907	0.653708903693	0.965070024953	0.0120069475781	0.0931887634411	0.0	0.0	0.12014015576	0.232248833809	0.127994003522	0.463170557997	1.61912023855	0.0988636218238	0.25340446778	0.0	0.599873079036	0.290956927077	1.43742619034	3.40921162837	3.9933072619	7.14237936443	0.142780999308	5.73294616611	1.70514521404	0.118059746353	0.0	0.0436574425576	0.0	0.0	0.0	0.0	0.0	0.0	0.531798028438	0.556342581442	0.107212229445	0.214960138736	0.13463234163	0.582607633957	0.117495236513	0.192272795203	0.0175674159933	0.191374415458	0.198733503361	0.458419189351	0.0	0.0151833616727	0.0410593022981	0.0203709001943	0.0772554499822	0.0	0.0	0.0	0.0	0.0	0.0	0.0
6.25556507516	0.0	3.14306692946	0.694582550829	2.18044164109	0.0	0.0	0.0	0.0	0.72637803393	0.857119744441	4.9328259782	14.9625360474	1.09226061947	4.07972003163	3.72583841972	0.00786624481909	0.0	0.648670155232	0.0	0.119179716656	3.31149603994	0.0	0.655921311377	1.36882727247	0.680423338355	1.55466517369	0.0806575031305	0.67010402384	1.8338638253	0.150388640068	0.0850083848181	1.46356982211	2.01683472805	0.380900957551	0.403263545665	0.588530867196	0.979253879522	1.17455757573	0.108859462141	0.076511823334	0.0401123166803	0.0	0.190285038864	0.164193472731	0.0395424889832	0.0553936065583	1.22590034843	0.0	0.105650303847	0.720478597066	0.37838269889	0.310206415125	2.35745294702	2.31612116899	4.49516221082	9.41118099798	0.0799763794925	5.25633620625	1.48178701243	0.0673858381844	0.0783530943554	0.0	0.0459400315828	0.295813142776	0.0	0.0	0.0	0.353484932123	0.36658570516	0.342564017928	0.0360461608415	0.163720652982	0.775321927916	0.334904901998	0.0	0.239731832583	0.353582692071	0.0457955536596	0.0180103904275	0.583062890102	0.086803313864	0.014594432243	0.0145930222438	0.0875289934784	0.0437457907491	0.0145791102512	0.0	0.0	0.0	0.0	0.0	0.0	0.0
1.01558813101	0.0	3.47713344855	2.39342080875	2.99366888618	0.0	0.0	0.290539487479	0.0	0.39263695065	0.35961684639	4.02880801972	16.953512187	0.871834112467	3.9186365055	4.91678263427	0.0249163182142	0.0	0.30449118928	0.318983441149	0.0	2.40017530962	0.0	1.87890074237	2.22136628656	0.86643526177	0.47402821115	0.128104666525	1.06369613722	2.37045930579	0.280222486148	0.0	1.01731713123	2.1604617787	0.314489940569	0.350731495245	0.680628537801	0.432779205829	1.32677967115	0.149207969248	0.127774066483	0.417583953869	0.0	0.169827721908	0.0	0.0107348113848	0.237468680634	1.0682086378	0.153088719749	0.266360084361	0.0267953234566	0.268558384644	0.310594940067	1.348829174	2.19283778287	4.20475754241	9.82034126683	0.358700096273	6.36068782052	1.59445170568	0.0972800125495	0.36310239684	0.0270869734942	0.40093045172	0.662276435434	0.149986969349	0.0491633613421	0.0	0.175453622634	0.344527044444	0.610920378809	0.0429634705423	0.0470028710634	0.940104921273	0.414385303456	0.272181685111	0.0121451815667	0.215825777842	0.0747356546409	0.102808063262	0.411561903092	0.0350861645261	0.0140092718072	0.014007941807	0.0700198540326	0.0	0.0	0.0643717233039	0.07410874956	0.0	0.0	0.0	0.0	0.0	0.0
1.29887985036	0.0	4.23795791179	2.11127975678	2.17079974992	0.372237077119	0.165639340918	0.0758298152644	0.0	0.757654952718	0.362979798184	4.75227785254	14.6077423172	0.65442712461	4.43820428872	4.35478989833	0.0859872860942	0.0	0.0556437055899	0.0	0.0	3.01938205216	0.0	1.58992301684	1.28361585213	1.19104306279	1.35343664409	0.117888946419	0.724689516516	2.82500127456	0.302983645096	0.36432859803	1.07081267664	1.43687023448	0.290728286508	0.496839302764	0.503231942028	0.867021020119	1.55075502135	0.181441899098	0.0740685034673	0.0	0.0	0.220589734588	0.103743348049	0.0785040869563	0.31778972339	0.849634462122	0.0805413027216	0.334276761492	0.476480585109	0.469989065857	0.262900769714	2.53837410758	2.78545887911	5.09313541327	8.47454302373	0.248894371328	6.93549040103	1.779522995	0.0700442799309	0.0919516694072	0.0	0.0	0.630474167369	0.0	0.0	0.0	0.392778194752	0.216619175046	0.0229960293509	0.0535971778256	0.0	1.09223027417	0.483966664247	0.223240294283	0.170212780391	0.177203499587	0.0791335588838	0.0766790311666	0.806898147045	0.284600607214	0.00754245033111	0.0150837102624	0.0953797330122	0.0376525396624	0.022586877398	0.00995625485299	0.112836467002	0.0300751645354	0.0	0.0	0.0	0.0	0.0	0.0
4.67569929308	0.0	4.32624719823	1.4705971575	2.69187529001	0.394799581205	0.025121343441	0.0	0.0	0.0473452007538	0.58135671507	4.09132296892	15.3091173935	1.29660830985	4.14062805408	4.72458727837	0.0845753415513	0.0739634477444	0.447722765281	0.127420131659	0.238199918326	3.59151121931	0.0	1.72639578053	2.38239688314	0.503979838352	1.08728237284	0.0425937541836	0.836199888388	1.85952824047	0.233486689744	0.00130300060793	1.46009206066	1.31317590486	0.462384310869	0.292306502045	0.772671697503	1.00072929888	1.72689048038	0.129907210911	0.0599064059742	0.0	0.019930196003	0.223371532788	0.108742787279	0.0886596223223	0.224732442378	0.81395876508	0.113635465807	0.683274584403	0.0	0.143395056852	0.397660110344	0.0	2.46754345751	5.22162482881	7.66745969286	0.128295071396	7.03669798265	2.01674579316	0.0463267010603	0.00167032979739	0.0	0.0	0.0	0.0	0.0	0.0	0.55044961437	0.221773943268	0.0775050136788	0.0150337344763	0.195400621204	0.796378490369	0.564952080006	0.089508275067	0.345654545993	0.362249300999	0.0381707495144	0.0544046646296	0.821954472674	0.202881258953	0.0529930240544	0.0	0.0481826985018	0.0	0.0105846368151	0.026759672948	0.0267371689548	0.0211452176374	0.0483741764442	0.795253290709	0.0	0.0	0.0	0.0	0.0
0.570854723663	0.0	3.79141302883	1.1563702428	2.14605233709	0.0884116526897	0.0769672162248	0.0	0.0	0.482826250855	0.430781406932	4.12878772462	15.4805652181	1.20451762792	4.76552292793	4.0362561532	0.0293399169369	0.0721100437252	0.0	0.0	0.0	3.34220076759	0.0	1.72563246695	2.02026937594	1.22724382091	1.3991651678	0.126718860857	1.20871202663	2.6102487937	0.288809830787	0.177930705038	1.57312491406	1.91562500827	0.43292368627	0.557471847797	0.924450374437	1.2784096051	1.80279764312	0.143699315611	0.131255279455	0.0	0.0	0.220749831811	0.00872627990445	0.188920421643	0.348418312373	1.01150668755	0.266646157633	0.722612576785	0.238493706329	0.193801800135	0.717506778362	1.72498566715	2.41379805438	5.13544341366	8.43625879404	0.321958320547	6.69062453327	2.1650937312	0.104801167627	0.0	0.0	0.0	0.0	0.0	0.0	0.0	0.48239015099	0.894641723645	0.496187566728	0.0	0.152394852926	0.888079645673	0.749247008557	0.29886658768	0.310151284194	0.0833386842567	0.00438052024686	0.0475834933015	0.856486415431	0.140364376642	0.0114478664638	0.0286155991606	0.138624877179	0.028569049175	0.0	0.00527911136928	0.00220548931872	0.00834817642125	0.0	0.114985324481	0.0	0.0	0.0	0.0	0.0	0.0
0.573659707689	0.0	4.20875911721	0.29156700589	2.5272730912	0.0	0.27730010973	0.0	0.0	0.566392114551	0.160194939167	4.12103517934	17.0359273556	0.989354947174	3.78892963595	3.91060068848	0.0	0.087773635898	0.879229279624	0.0	0.0	3.05907162082	0.0	1.86437870498	1.84459849645	0.959889564452	0.863245722723	0.0	0.456191206969	2.30925519707	0.192168982973	0.0	1.9216205297	3.03386620993	0.454310206158	0.507889029291	1.6059291934	1.46827953396	1.99500926139	0.134294547984	0.232073920203	0.0265144884482	0.0	0.0	0.0611525244038	0.304841921621	0.578455269759	1.63983670803	0.251305668506	0.592733055924	0.0690921298319	0.197759515387	0.204057898106	1.94516273987	1.92423413083	5.5638618023	7.34009086923	0.174501435345	7.34299157048	1.84104439491	0.0	0.0279201900551	0.0	0.0	0.0	0.0	0.0	0.0	0.819609473882	0.742928990775	0.30103932998	0.0	0.105827085693	1.22244262782	0.596740577654	0.321972889018	0.355767543609	0.283648982471	0.0	0.0491602532259	0.990287527581	0.0344699338831	0.0531450049464	0.0	0.0803873417088	0.0212279851656	0.00544493305096	0.069349529943	0.0530032368852	0.0211956121517	0.0	0.228128768499	0.227498138227	0.0105500385552	0.000549146307105	0.0	0.0	0.0	0.0
3.66235976414	0.0	4.29844972318	0.492642968274	2.90007981323	0.0	0.0179802988421	0.0865467944264	0.0	0.195574987405	0.194661987464	4.56129970625	14.6945990537	1.00145993551	4.25946972569	4.7794296922	0.0	0.0522448966354	0.368312976281	0.0	0.0	3.15188979702	0.0	1.10181992904	1.71620988948	1.37657991135	1.86332988	0.0343299977891	0.859383944656	2.84646981669	0.140341990962	0.0	1.00956993498	2.81639981862	0.483726968848	0.535858965491	1.5465799004	1.81390988318	1.93661987528	0.170908988993	0.135293991287	0.01816799883	0.0	0.228461985287	0.0765896950676	0.138749991065	0.185840988032	0.118878992344	0.210429986448	0.405516973885	0.069658295514	0.356657977031	0.0144489990695	1.24021992013	2.30557985152	5.0543496745	7.99763948495	0.243368984327	7.48637951788	2.15267986137	0.0258938983324	0.0	0.0	0.0	0.0	0.0	0.0	0.0	0.738480952442	0.682374956055	0.424663972652	0.0402696974066	0.13245299147	0.993971935988	0.647025958332	0.127055991818	0.479871969096	0.327351978919	0.0854441944974	0.104737993255	0.993895935993	0.17453698876	0.0108519993011	0.0332640978578	0.135749991258	0.00488020968571	0.0213500986251	0.0268974982678	0.11475299261	0.00948362938925	0.0	0.0443662971428	0.114729992611	0.0506323967393	0.0470563969696	0.0	0.0	0.0	0.0	0.0
0.0	0.0	4.34077571449	1.02819965863	1.93747187988	0.0915228188114	0.0	0.0	0.0	0.92948029061	0.457567129082	3.69090165667	13.1899870552	1.1393602001	4.42245437149	4.32182812447	0.0764053487711	0.112774520622	0.0	0.257642784346	0.0	3.33697764301	0.0	2.08259870347	0.683566630089	1.20646456477	1.44489513924	0.0	1.1382290007	2.894476676	0.181092904651	0.0698522702214	1.07591203351	2.96665123799	0.711146685567	1.05094484666	2.14828906888	2.04344102409	1.59693035919	0.113411830287	0.345577378046	0.0	0.0	0.525001763576	0.209154729876	0.173765358509	0.271582797006	0.353437193909	0.259843573187	0.5194477765	0.0	0.0	0.529791181054	1.5530256823	2.12056458348	5.02338385509	9.86283670701	0.208913340003	7.05021038793	1.62153394623	0.0759084290327	0.0651860726782	0.0	0.0	0.0	0.0	0.0633064636679	0.0	0.784296907052	1.06014594181	0.889026781909	0.0179274905608	0.301288901365	1.63549213888	1.14747049584	0.221177763545	0.368648795899	0.51828930711	0.157796256917	0.0492049520926	1.06154984108	0.344635048542	0.0286336869238	0.039985272947	0.154230958794	0.0340285990833	0.0	0.102026106281	0.141721105381	0.0452671661659	0.0	0.000851566911633	0.18654589178	0.000236861035288	0.090477065362	0.0	0.0453217061372	0.0	0.0	0.0	0.0
1.65260454321	0.0	3.51128995416	1.01027259208	2.49615502049	0.0	0.167197434958	0.0667777899499	0.461778631786	1.13846317422	0.109730616068	5.04638025874	15.1408849768	0.995638647266	4.30863441625	3.92860269133	0.120274359534	0.103101633889	0.0	0.0	0.0	2.97343357736	0.0	0.425458459848	1.99616105614	0.982358242901	1.31984983384	0.196372504548	1.03184253917	3.17998364527	0.266394507564	0.0	1.64297574005	3.24122446539	0.405133933167	0.280579652226	0.977836581415	1.33881164007	1.59682072487	0.146944308301	0.183806100417	0.0	0.0261967706108	0.0	0.176945578162	0.0	0.162145373297	0.403747752712	0.220037532326	0.101424039338	0.0	0.278811991646	0.382472585719	1.29144282449	2.62969346438	6.07717219757	8.43274057184	0.296192797359	8.37027575131	1.51891309927	0.0485349819534	0.144511607501	0.0	0.0	0.0	0.0	0.0	0.0	0.754794128101	0.540621597702	0.734826601537	0.0	0.00827583392027	1.58933392241	1.18474058943	0.122204200169	0.508385507107	0.438373704093	0.0715834195295	0.0374764443185	1.29988842728	0.408987494434	0.0576691869559	0.0691705067363	0.0286266154096	0.0606923659496	0.0	0.00949158251988	0.229704075503	0.0	0.0	0.209471348853	0.272332949516	0.0913836660378	0.0318955124841	0.197928005059	0.0371091421978	0.0	0.0	0.0	0.0	0.0
0.0	0.0	2.57694756302	1.06795585766	2.08638929873	0.0	0.0	0.276378962559	0.0	0.150994960568	0.602738691857	4.36653196235	15.4136461621	0.870507881533	4.17770199911	3.64733422149	0.0423518631836	0.016386996488	0.023986133033	0.0	0.0	3.80839537543	0.0	1.4311854793	1.66630365804	1.15532048692	1.31342553986	0.0	1.46181768956	2.12853691284	0.0397686223185	0.386600329472	0.967240363929	2.36124489078	0.438357846806	0.648827087292	1.71768007526	2.51827874337	1.55917332217	0.281687584337	0.1958792856	0.0	0.0	0.0	0.0539973560837	0.0	0.0590413707729	0.90815439414	0.137248575965	0.0	0.0	0.43251671485	0.132626964417	1.94483635133	2.16449422489	6.22725848551	10.2044503175	0.288191006515	6.94948442738	2.66731979329	0.182467651109	0.0	0.0	0.0	0.0	0.0	0.0	0.0	1.19807580124	0.969915274825	0.355682809118	0.135589245409	0.390343350726	1.63168534646	1.45036408573	0.293591298324	0.638232503745	0.625238019392	0.073039693461	0.24496807204	1.4586246885	0.414794528915	0.0531307137935	0.0	0.240179600436	0.0	0.0372807594854	0.0128147492917	0.0404358565419	0.0620349637755	0.0	0.155289032007	0.438624616896	0.0246616072592	0.0461415434528	0.162629844464	0.0859730987924	0.0	0.00899541531256	0.0	0.0	0.0	0.0
1.14613133926	0.0	4.85473800125	0.965213043554	1.70036781974	0.449509580858	0.111592975667	0.0	0.0	0.028393751631	0.10584489898	3.30449409496	14.2912557611	0.720322304734	3.44151401597	4.08338084593	0.0	0.0	0.274141761957	0.0	0.0	2.26178029608	0.0	1.43607277211	2.67500325786	1.27316726602	1.49637193734	0.0708140791756	1.40252239144	2.3569818412	0.299848467137	0.380449460671	0.913986833086	2.3016642731	0.823756485105	0.727592940543	1.87693891794	1.82899494559	2.4938353623	0.210375238718	0.393635613069	0.0	0.0	0.0	0.0	0.381123380282	0.0	0.00820325527082	0.276503600596	0.446685982486	0.0	0.656039941793	0.0	0.438425267248	2.64315847622	7.02679754905	9.13730993234	0.373224584836	7.70171555996	1.86804692307	0.149616393747	0.0	0.0	0.0	0.0	0.0	0.0	0.0	1.02173077097	1.12234655296	0.638945471648	0.0653329703356	0.332172688503	1.52786311918	1.10058976551	0.313922779023	0.70896759128	0.594124617487	0.0927341465388	0.0	1.31884403969	0.519744900367	0.0518122501303	0.0414364881118	0.352301876898	0.0309769021418	0.0103241780481	0.202549243231	0.22041643293	0.0411462242792	0.0	0.04971384334	0.527090416133	0.040934792401	0.10019167024	0.293716630672	0.0	0.0	0.0	0.0	0.872526216988	0.0	0.0	0.0
0.0	0.0	2.20718467783	0.118033686248	2.83694337123	0.313746396351	0.0	0.107562033032	0.0	0.639409246363	0.311899445784	3.8827646924	15.4718597515	1.22824837719	4.42813485988	4.54900039699	0.281102936327	0.105689882458	0.461958141868	0.0	0.0	3.87012268852	0.0	1.45299044622	2.65112481416	1.36399241889	2.67579982174	0.0	1.63095500087	1.98930961092	0.0656576751635	0.0	1.00166460761	3.2728720051	0.310449395339	0.99593160585	1.74777803674	2.27534019875	2.05186863013	0.397206721983	0.18016955533	0.174339953539	0.071813827054	0.105222632314	0.243579074803	0.373844214808	0.0	0.557690871267	0.0682288109531	0.40156422332	0.0	0.0	0.725194272707	0.334402002695	2.15717316247	5.92661132006	9.2318758351	0.301832042693	6.90187261956	1.20432936985	0.0	0.0	0.0	0.0	0.0	0.0	0.0	0.0	0.758666182987	1.08559533339	0.763805934565	0.163734950283	0.0581336878528	1.58894448797	1.07319482957	0.250638226971	0.851566011516	0.541605916327	0.177003804357	0.132461740679	1.41751093532	0.584114129381	0.0722364521838	0.144359294333	0.192768509199	0.00607031436419	0.0143883644187	0.236775072714	0.0202843262293	0.0143507744072	0.0	0.0	0.493073851423	0.0428287781527	0.119711586764	0.245317875337	0.00654689901055	0.0142098643638	0.0	0.0284123787254	0.245344125345	0.0	0.0	0.0	0.0
5.01398025515	0.0	5.41963165961	2.96118423257	2.04495202249	0.26550244292	0.0	0.0	0.0	0.0872687409599	0.644040107084	2.57507922832	15.547550171	1.33054381464	4.65845625124	5.23242505756	0.0813891328953	0.0	0.0	0.349704603847	1.29592421426	0.60629138667	0.0	0.282952163112	1.27563581403	0.384871164234	0.179514181975	0.0823388929058	2.12987922343	1.26454821391	0.197027502168	0.655772187213	1.36805721505	1.95943122155	0.673919387414	0.783855168622	2.27629702504	1.91787922109	1.66221781828	0.0533827665872	0.106697481173	0.276142723038	0.0	0.240837302649	0.145949281606	0.250292502753	0.0	0.301555163317	0.0	0.359648463956	0.0	0.226921622496	0.0	3.01969623322	1.05322025159	6.16727086784	8.75691449632	0.266237022929	7.11532427827	2.1361120235	0.154271341697	0.0200833962209	0.0	0.0	0.0	0.0	0.0	0.0	1.19477901314	1.36478181501	0.222070002443	0.152172541674	0.423883404663	1.16724021284	1.08130601189	0.233633542569	0.350576983856	0.528290225811	0.132275281455	0.0382274164205	1.25674661382	0.502614905529	0.0597885586576	0.0199231242191	0.239801682638	0.039728906437	0.0	0.0337064103708	0.159448381754	0.0	0.0197966662177	0.303339143337	0.144834161593	0.0394211884336	0.223227522456	0.131251321444	0.0196191162158	0.0392290104315	0.0196098942157	0.0	0.0	0.0	0.0	0.0	0.0	0.0
2.53243293895	0.0	2.90896590014	0.491215549365	1.96476589747	0.0	0.137891955786	0.0	0.0	0.515226346891	0.68461160943	4.53985973204	14.3561885202	0.837452533676	4.28027775879	5.09205457511	0.0758348511829	0.0289889720118	0.0	0.0	0.0	3.3332957564	0.0	1.14799218167	1.36834795895	0.919041095265	1.50560754481	0.0730927624656	2.02535999122	1.57233273793	0.0645941813416	0.517312846675	0.888369548427	1.80643801379	0.708323876986	0.657617652212	2.54589353757	1.76572451799	2.0847556851	0.359750012917	0.230776506212	0.0	0.0	0.404821618271	0.0455692623027	0.184246491008	0.327633966228	0.27037506213	0.175585911901	0.0263321622857	0.0	0.0	0.249197624313	0.0	2.04945638874	6.6724230122	9.02293456991	0.390391599758	8.25856944871	1.8869127055	0.10458050522	0.0	0.0	0.0	0.0	0.0	0.0	0.0	1.25649017048	1.79321281516	0.631281744928	0.0709515856863	0.225851296719	1.85918900835	1.66913562794	0.327982786191	0.796163377931	0.906252456584	0.159767033532	0.144295905126	1.93462400058	0.712724786533	0.120219837607	0.0881287219157	0.204348578936	0.0276563941492	0.000636765494362	0.0338271905131	0.194442519957	0.0551461893155	0.0091888915528	0.241348105121	0.663382811618	0.0138731905699	0.237151565555	0.451585963451	0.00905522716659	0.0181086781334	0.0	0.0093063454407	0.045246550336	0.0	0.0	0.0	0.0	0.0	0.0
0.0	0.0	2.53604550712	1.55651778849	2.60014351487	0.177546621501	0.24996387027	0.0	0.0	0.00133929736218	0.476694777728	4.26895971697	14.9443938098	1.18123934305	4.64182976213	4.08375049454	0.0802876417228	0.0810593018162	0.0	0.0	0.0	3.08901637408	0.0	1.71590420779	1.70493140646	1.19577614481	1.52242218437	0.154607418723	0.910218710227	2.29746267822	0.0503705580998	0.352645962705	1.08226813106	3.04679916897	0.6911655237	0.813310298492	2.02426584514	2.39020228945	2.44226909576	0.193763903465	0.253822710738	0.357552403299	0.0	0.0	0.281695354113	0.215573426106	0.54963042656	0.802899097231	0.284965594509	0.0	0.0	0.0769221453153	0.0	0.0	2.76974673542	5.94732312022	8.22779739639	0.495154139963	7.51039650951	2.17616786353	0.0371603205001	0.0	0.0	0.0	0.0	0.0	0.0	0.0	1.21182494675	1.18741694379	0.787096535318	0.0846345342492	0.352471002684	2.13768745888	1.44048257444	0.263332111889	0.964356956784	0.870872145463	0.212578585743	0.116910014158	2.10016825433	0.544245545908	0.0774806133829	0.0505566421224	0.252377670563	0.0471801297135	0.0171475940766	0.095962007621	0.242948189421	0.0703519645196	0.0711164966122	0.537897305139	0.766086212773	0.0230150187872	0.16209721963	0.31891107862	0.153584658599	0.0489193619241	0.0441960893522	0.0	0.202115544476	0.0	0.0	0.0	0.0	0.0	0.0	0.0
6.43650483534	0.0	3.43521147898	0.0	1.88055529798	0.0	0.0	0.176635599203	0.0102176496323	0.0	0.335192457464	3.10150796159	15.4008288023	1.57307718196	5.58044059074	4.84958465266	0.0620065062305	0.169814378848	0.456859353802	0.380656359833	0.0	0.777252880495	0.0	0.89482791662	1.23675766443	0.658872334327	0.730038438034	0.273381824243	0.581780990311	2.60292013561	0.511341916641	0.28503719485	0.750890139121	1.13039545889	0.639326453309	0.899023326839	1.55582248106	2.58436833465	2.11567921023	0.394485190553	0.0694856506202	0.0	0.0	0.173763449054	0.0	0.148349007729	0.197387020284	0.315994286463	0.0259919233542	0.396241180645	0.648587093791	0.0	0.0	1.33315726945	1.71573638939	7.78353780552	8.34054963454	0.165306138612	8.02286911799	2.13326091115	0.266770973899	0.0	0.0	0.0	0.0	0.0	0.0	0.0	1.07145479582	1.60733588374	0.725769997812	0.0274142644283	0.287298944968	1.43626037483	1.40575127324	0.359626988737	0.840750833803	0.998438962019	0.173833209057	0.159869218329	1.98220870328	0.9731346107	0.134841727025	0.0872118855438	0.261130223605	0.120848306296	0.0268402703984	0.120714236289	0.100053830213	0.0	0.0267806473953	0.37024358929	0.709657616973	0.0397677800719	0.102137583321	0.458037643863	0.0790186821168	0.0	0.0526529977432	0.0131600066856	0.0394720630565	0.0	0.0	0.0	0.0	0.0	0.0	0.0	0.0
3.33671658156	0.0	2.78702481523	0.649060224085	2.40269597862	0.0506958984491	0.0	0.0	0.0	0.534621772732	0.338843855957	3.82221237518	13.8764941011	1.07594584262	4.23599919928	4.26121118856	0.0201540814325	0.11987574904	0.0457496405518	0.0	0.0	3.12180967292	0.0	1.4495243838	1.1618415061	1.06661564658	1.18083849803	0.0	1.30543544506	3.26834061062	0.498477988097	0.0	0.393292732811	2.17875807381	0.669692915313	0.579668953582	1.25491246653	1.82372222473	2.14463608832	0.34975475132	0.372459841667	0.0	0.0257078690716	0.0	0.271332484656	0.19150771859	0.362983345695	0.0	0.0744382883563	0.13940404074	0.0	0.266781786591	0.375198840503	0.902661816278	2.38916598437	7.3639138696	10.0069047461	0.502843886241	8.56811635769	1.71273227192	0.122017448131	0.0	0.0	0.0	0.0	0.0	0.0	0.0	1.14267951425	1.71205027221	1.06465434741	0.158195332751	0.584427551559	2.11700410006	1.4885963672	0.597107246169	0.851504138025	0.968929088108	0.162284031014	0.206146512367	1.63120030658	0.729322789965	0.0717817894856	0.120200248903	0.321358263391	0.0532445973657	0.00332904958482	0.20555031262	0.182986022212	0.0598399745621	0.00722297092951	0.410878425335	0.671890714379	0.083114534668	0.248798994235	0.321912663154	0.063088713181	0.00228161903009	0.0349476451437	0.00683588109406	0.00227811003157	0.0	0.00477422897048	0.0	0.0216812107833	0.0351085750753	0.0	0.0	0.0	0.0
6.48429717664	0.0	2.39506885894	0.0	2.09141730219	0.152283098315	0.0	0.276139100678	0.0	0.0	0.249475794474	3.90414694405	14.8208288896	1.17643333248	5.26772624987	3.80258195851	0.386955934897	0.284824849441	0.541424622902	0.539287873206	0.0	2.48136024665	0.0	1.44860529372	1.94080142363	1.87869693248	0.365607307938	0.221429428468	0.925200408252	3.41762291333	0.19704495194	0.0	0.0626861310735	2.70583551469	0.717830237781	0.237172556227	1.47466809001	1.47590018983	2.70277191513	0.182990133943	0.189268293048	0.215396579327	0.0626917920727	0.0	0.0	0.0690949371608	0.0	0.0	0.186484413444	0.433866748217	0.0	0.0923052558557	0.40772403194	0.0	2.18113858941	7.84267058321	5.5533514092	0.589970465989	8.8384625414	2.10366060043	0.0191604842715	0.0	0.0	0.0	0.0	0.0	0.0	0.0	1.53610658126	1.8180909411	1.08542222544	0.0	0.353543829655	1.91825732684	1.868007634	0.303237526819	0.913331179941	0.89782004215	0.142448499716	0.224645098011	2.54376443776	0.977643460784	0.0893498812766	0.111607154107	0.39283227406	0.111125414176	0.0444254126738	0.179339344462	0.003553375894	0.0783690968403	0.0	0.324494023792	0.682011652882	0.0438862857506	0.177712084694	0.280001900128	0.108866120498	0.0	0.0435226498024	0.108747128514	0.0	0.0	0.0	0.0	0.0	0.0434750308092	0.0	0.0	0.0	0.0	0.0
0.586536199708	0.0	2.32410095734	0.343228503237	2.92894579828	0.0	0.0396459866841	0.0	0.0	0.0	0.4165560282	5.47364197056	15.9669450809	0.94947894428	4.90433473202	5.73950758856	0.095614070473	0.0	0.00718108208616	0.0	0.0	1.16522567888	0.0	1.27899528659	1.137337677	0.925294782643	0.0882983419778	0.0	0.0437914429646	4.03501307317	0.93072678301	0.369748985032	0.987030306821	0.91359302185	0.590914280005	0.369334585004	0.952644064494	2.34233455858	1.92948013063	0.10089072683	0.190052812867	0.110891095507	0.126053768534	0.0176816651971	0.059512212029	0.147543209988	0.126306888551	0.054755683707	0.0	0.0	0.0	0.0	0.0988440386918	1.76059531919	3.44973463354	6.17738281821	10.2768294957	0.626255882398	8.97750620778	2.24721295214	0.319715221645	0.0	0.0	0.0	0.0	0.0	0.0	0.0	1.33448009034	1.96719053318	0.584990599604	0.0	0.436246749534	2.54515537231	1.79266092136	0.617064041775	1.84801132512	1.15188647799	0.385511866099	0.214163054498	2.09339214172	0.78671829326	0.0815111415184	0.0814643255151	0.34681138348	0.121758568243	0.0202829773731	0.133255369022	0.273544338519	0.0614529481604	0.0105151319119	0.765415891819	0.800561494198	0.0199433933502	0.278964018885	0.376303225476	0.0592384840105	0.0394785466727	0.0	0.00979149986288	0.0	0.0197296973357	0.0	0.00977718626192	0.0	0.0	0.0294843379961	0.0	0.0	0.0	0.0	0.0
0.0	0.0	2.14607247719	1.08470574358	2.16737296803	0.037434849903	0.0	0.0	0.0	0.391265721755	0.451285645947	4.4427851896	16.7290778065	1.32246103134	4.39593540975	4.61298571642	0.0609227938032	0.0	0.2723242329	0.0	0.0	3.48306530229	0.0	1.99529664202	0.835634640677	0.901411912393	1.36594341265	0.0	0.658036007045	3.54130547723	0.356963456505	0.159887021249	0.748507158142	3.20795562058	0.725706027946	0.404904815891	1.67943917784	2.0386095234	3.33740836491	0.373842259247	0.296544642486	0.0	0.0590246206194	0.0	0.0	0.319057622806	0.0	0.687427294407	0.0	0.0510498750485	0.0	0.148504536143	0.0	0.0	2.97571812044	6.68639922485	7.85205022362	0.179341092883	8.49817264578	1.43957418099	0.146740606902	0.0	0.0	0.0	0.0	0.0	0.0	0.0	1.49060495904	2.34822939027	1.51493384858	0.175485534541	0.484591251626	1.93712426703	2.00258513888	0.551104153025	1.06292839294	1.0260406888	0.212526918614	0.158703911757	2.39518087007	0.802529044913	0.0926060591794	0.0925366772092	0.310282046579	0.0179292502905	0.0223450623916	0.192741757121	0.325125720196	0.0537754338766	0.0268804284415	0.524833924321	0.67520860966	0.0	0.334714896073	0.470217657807	0.171486466261	0.0395454629954	0.0592984195017	0.0263471816707	0.0238920317264	0.0	0.0231138010611	0.0197379275127	0.0	0.0	0.0666617223354	0.0	0.0	0.0	0.0	0.0	0.0
0.0	0.0	2.20315273219	1.01344410081	1.78573030715	0.341211140472	0.221120113267	0.522041371323	0.0	0.185747051145	0.106974414418	3.2932663976	12.1140967269	0.671038240263	5.21473651288	2.25971953558	0.0	0.307281318437	0.0	0.0	0.07299944838	2.68769836126	0.0	2.95693217742	1.52293749137	0.516105390966	1.21667647301	0.179799670788	0.0829115209747	3.7734002264	0.471755968305	0.0	0.944817236689	2.46415574785	0.195261491716	0.693887261633	1.26913927615	1.35877748152	2.37851894272	0.413797224828	0.309435918566	0.115380546923	0.0513033090782	0.311792298707	0.264448095867	0.463631187818	0.778130986688	0.0	0.146492288789	0.591069515464	1.17197707032	0.0	0.135802508149	1.01248764075	3.31791319908	6.80933440856	8.84782553088	0.644951618697	6.42892778573	1.50047949003	0.0429121105747	0.0	0.0	0.0	3.77365102642	0.0	0.0	1.60460709627	2.3749735425	2.2649407359	1.40801408449	0.0210356232621	0.634679078081	2.64820875889	1.92274691537	0.599573915975	1.24223527453	1.28244307695	0.432612925957	0.316262238975	2.29958533797	0.988196519291	0.111298662678	0.0417110065026	0.219195793152	0.0138628568317	0.0138612608316	0.262247895735	0.371879422313	0.0266525175992	0.0	0.459413187565	0.803261148196	0.0260109255607	0.282716596963	0.694078781644	0.147691568861	0.02683400561	0.0119702287182	0.0670373620223	0.0	0.0655137519308	0.0267783736067	0.0535393052124	0.0	0.0535159352109	0.0118715047123	0.0118648927119	0.0	0.0	0.0	0.0	0.0	0.0
0.0	0.0	4.10001385548	0.19987571858	1.72035372957	0.0	0.137810228336	0.0	0.177550772089	0.568218360676	0.0	3.64102592763	15.3158125924	1.40935927845	3.29502548202	3.1914449983	0.13403477893	0.0	0.0	0.0	0.0	4.13432985009	0.269604807618	2.31193663657	1.8689912062	1.23626130566	1.15285181877	0.270328157504	1.055966634	3.53936594361	0.622867502086	0.550863713404	0.79312727532	1.66805173778	0.693053141052	0.682198292758	1.45354227151	2.31299463639	2.55125159894	0.342093896223	0.256011809755	0.28651210496	0.0282701005559	0.263918058513	0.0	0.25235826033	0.216880765906	0.0	0.0149563226488	0.484304023868	0.0	0.125474180275	0.305037452048	0.683883042493	2.71619607302	7.2888483542	6.43627298822	0.284001655355	8.3352331897	1.65090524048	0.0	0.0	0.0	0.0	0.0	0.0	0.0	0.0	1.44697577253	2.4154021203	1.53717025836	0.16825532355	0.464642476958	2.37264512702	2.43382511741	0.859022264961	1.10736357592	1.33117079073	0.284253505316	0.411572285301	2.69921057568	1.22474980747	0.129223179686	0.180708671593	0.419046134126	0.0685212442284	0.0616249253125	0.319366449796	0.413914834933	0.0730430435176	0.0424904233205	0.905930757587	1.12399142331	0.0298334103102	0.270185557527	0.478988724703	0.0708926588557	0.0791169975629	0.1157727818	0.0541971914802	0.0	0.0376484640816	0.123822780535	0.0330003948124	0.0164972074066	0.0494797772217	0.074186258338	0.0	0.0384219539601	0.00456598228223	0.0	0.0	0.0	0.0	0.0
4.2088411396	0.0	2.77352621456	1.15406006216	1.95069151356	0.155053776718	0.0	0.0	0.0	0.54806192048	0.56421492639	2.89783186003	12.7905126787	0.9647352329	4.21169474064	4.24452275265	0.0437455880021	0.0	0.0689787292324	0.26011617515	0.0	3.34764522457	0.187350508533	2.40717488054	1.2624400618	1.08317591623	0.959891071129	0.0129628887418	0.766514360391	3.07016152307	0.508110345867	0.0	0.969347394588	1.64637700225	0.646567996515	0.534777595621	1.69822902121	1.82494746757	2.29999084134	0.174860783964	0.397607545444	0.0	0.0	0.0310575033608	0.217657839619	0.00991684362759	0.321585757636	0.606067741699	0.334349242305	0.0211957597534	0.0	0.0	0.226607242892	1.10149580293	2.62404855988	7.0491949786	7.71803962325	0.50762778569	7.68226521017	1.58052377816	0.0292469746986	0.0	0.0	0.0	0.0	0.0	0.0	0.0	1.7419378372	2.57395974155	1.58945578143	0.183834547246	0.681202129184	3.00686029991	2.38895127387	0.705348698016	1.5161089546	1.13692221589	0.406788948804	0.273500260047	3.10428873555	1.33325808771	0.0838773106823	0.0688147051725	0.506202145168	0.0517274349219	0.0228198763475	0.331568721287	0.352632008993	0.030103867012	0.0225279042408	0.861192435025	0.985782280599	0.0232855005179	0.237234006781	0.590791696111	0.0715252781639	0.0242624528752	0.0748340633743	0.0653899199197	0.0132794528576	0.0103944390023	0.0361680012303	0.0278373421829	0.0169041061835	0.0182085266607	0.0374322856928	0.0181995946574	0.0324613358743	0.0301198750178	0.0	0.0164055380011	0.0	0.0	0.0	0.0
0.303679378424	0.0	2.61601494486	0.0	2.02262598932	0.0990347762697	0.161460015113	0.0	0.0	0.742905609535	0.418065609131	3.5032143279	15.1794644208	0.956311289511	4.47856151919	4.99780756779	0.0407010278096	0.0	0.158808794865	0.168217935745	0.0	2.96652357766	0.0	0.71645307706	1.72309426128	1.32126942367	1.1976823121	0.0	1.32241602377	2.6089481442	0.584431434703	0.233541381859	0.742666929513	2.37120412195	0.856786400195	0.837301218371	1.69520145868	2.32613571773	2.21317220715	0.315946829573	0.387117936234	0.339170161747	0.0	0.203922829087	0.263718024683	0.159465164926	0.138685962981	0.0	0.0	0.391521816647	0.0	0.0	0.0	0.153427964361	3.04650478515	7.60064831142	6.62355781996	0.32681847059	8.13410986135	1.79740096823	0.048557578545	0.0	0.0	0.0	0.0	0.0	0.0	0.0	1.8098731694	2.67588385046	1.3472668261	0.0995433753173	0.818530906614	3.4113576193	2.39989252463	0.559945672411	1.65240285466	1.50409364079	0.365653114225	0.34358574216	3.54143823148	1.49769374019	0.153426794361	0.171387466042	0.521556798818	0.110826856373	0.0527976589418	0.482630895174	0.267135595004	0.0634203239361	0.00299875708068	0.986245742313	1.10844640375	0.0	0.365040034168	0.365891794247	0.100611819417	0.0479294054862	0.0662808572039	0.0525628399199	0.0388631916376	0.0276803305908	0.100616967418	0.0477821024724	0.0272966875549	0.0297622287858	0.0	0.0	0.0910939855264	0.013909780302	0.0340591711879	0.0228813411417	0.12542752174	0.0	0.0	0.0	0.0
3.5067487703	0.0	3.11724244031	0.739984146954	1.61487773893	0.0	0.0703630694821	0.0	0.221807034024	0.0	0.440290006937	4.00551133675	13.651660556	1.19686259943	4.1192161747	3.85536808665	0.0	0.0	0.0	0.0835448538813	0.0	2.54115444805	0.0	0.914834245306	1.49100129759	1.00109463409	1.77024839078	0.108694556274	1.00534263551	3.04846021736	0.372170944204	0.0894883978647	0.688989249935	2.27196095822	0.587647276115	0.650306477026	1.45432688535	1.65635475277	2.25669175312	0.224780635016	0.329558769983	0.134384344848	0.0	0.103973020699	0.101602989908	0.0782147921024	0.0227012015761	0.285930615423	0.178371219527	0.313534364635	0.0	0.289762076702	0.327041829143	1.07887672005	2.11792370681	7.92369084436	9.33698911601	0.444737428422	8.1539443212	1.49143789774	0.0	0.0	0.0	0.0	0.0	0.0	0.0	0.0	1.68649196282	2.82008294114	1.5992191337	0.204455128232	0.672204924333	2.89589796644	2.35378218553	0.801969567639	1.77573539261	1.35526585229	0.341051973818	0.329404189931	3.21989067457	1.45436228536	0.128994103049	0.133626784595	0.436655605724	0.0293522737957	0.0308790763052	0.268199929505	0.39634089227	0.04138107981	0.0	0.970101923751	0.938287933133	0.0458296812947	0.248517522937	0.607113742611	0.102873496332	0.0400368233614	0.109439372523	0.0695316412047	0.046978057678	0.036673350239	0.0849791443599	0.0519477473364	0.0311585003985	0.0	0.0693619571481	0.0242360280882	0.046750671602	8.40127240374e-05	0.010364686859	0.0	0.0	0.0207899549382	0.0	0.0	0.0	0.0
3.19223380378	0.0	3.01349584275	1.38371979822	2.06272175012	0.0515409117589	0.157413165668	0.0	0.0	0.607286617551	0.34305312518	3.02506264023	13.768653997	0.97991718628	4.16978289057	3.96603113501	0.142077639012	0.0	0.288733207028	0.447600552378	0.0	3.42328415338	0.0	1.74663401906	0.934856656108	0.618603515083	1.07961893453	0.0	0.62985139263	2.79803448974	0.359277581642	0.425473697204	1.49537747386	2.8936747689	0.775000420972	0.763534773473	1.62968084457	2.173332226	2.77930389384	0.216789392718	0.166446453698	0.0	0.0	0.0	0.122356963314	0.139417989593	0.144427888501	0.0	0.33897499607	0.0	0.0	0.0	0.213236053494	0.0	1.83018390084	7.11863794743	6.46341219033	0.353457292911	7.68904052302	1.3094757144	0.0242517187107	0.0	0.0	0.0	0.0	0.0	0.0	0.0	2.10746574036	3.01692304201	1.84745079707	0.184015609866	0.966552299195	3.42068995395	2.72061310663	0.880201158028	1.57759455592	1.60791574932	0.454583470855	0.385503985922	3.72206928822	1.77916861196	0.100295677126	0.136614350205	0.519914456606	0.0725837961694	0.0654001247362	0.308832302644	0.381457986804	0.0400263552703	0.0026951233122	1.42495328922	1.10929990806	0.0235940058542	0.346994404321	0.763117083564	0.149444927406	0.0658393536404	0.067148115355	0.0805346604354	0.0698652417624	0.0	0.0932088716711	0.0470341447418	0.0290850216566	0.0275298109957	0.0868994930472	0.00224295911081	0.0344652484831	0.0220129721989	0.00319081770409	0.0	0.0	0.0	0.0	0.0	0.0	0.0	0.0
2.37255616632	0.0	2.45842817233	0.0	2.08447214612	0.342602424017	0.0725160050833	0.120166808424	1.23530408659	0.142237209971	0.206829614498	4.79822433636	11.255988789	1.4179200994	3.20154022442	3.3582002354	0.0764366453582	0.0	0.118215968287	0.0	0.121147208492	1.16292848152	0.0	1.44733210146	2.09246414668	0.957411667115	1.37571609643	0.00170798411972	0.981584468809	2.83544419877	0.325093222789	0.428072430008	1.32727209304	3.14614822055	0.422672429629	0.682519247844	2.5077721758	2.72031619069	2.79777619613	0.340309223856	0.162829211414	0.269548818895	0.0436821630622	0.165454811598	0.0182245212775	0.0	0.666999646757	0.0	0.151887610648	0.888996062318	0.0	0.0	0.461300432338	0.0	1.98926413945	7.14198050065	7.33363251409	0.472317633109	7.45464052258	0.857838060134	0.0	0.0	0.0	0.0	0.0	0.0	0.0	0.0	2.46138017255	3.00038421032	1.77568812448	0.286218020064	0.692036448511	3.06025221452	2.85114019986	0.729981651172	1.87201213123	1.85140812978	0.370562425976	0.401956828177	4.44952831192	1.88146813189	0.165103211574	0.177712812457	0.736909251658	0.156547210974	0.123952808689	0.287212820134	0.30856082163	0.0484990833998	0.0	1.37426409634	1.20105608419	0.0155844010925	0.426205229876	0.700641649115	0.154720810846	0.0650486445599	0.120710408461	0.0834966058531	0.085819806016	0.0521336436546	0.0798622855984	0.0277562419457	0.00925064464847	0.0612751242954	0.0543050438068	0.0	0.048473523398	0.0426746429915	0.0	0.101440807111	0.0724922450818	0.0206636414485	0.0517380036269	0.246835217303	0.201112814098	0.0	0.0	0.0
0.808600669406	0.0	3.86028729265	0.0	2.58387036201	0.346455678315	0.0	0.0	0.419479180067	2.24614725391	0.570074573681	3.87013669288	9.36356102472	1.92663464623	4.64741651154	3.04658647312	0.414927159958	0.0	0.0	0.380401019129	0.726036317425	2.54064916097	0.0	1.56633293759	2.5580247614	0.639687085352	0.677351966256	0.163029353913	1.85759204458	2.12294505095	0.292567117022	0.0	1.16695064801	4.3793289051	0.257458966179	1.0290965547	3.04656227312	1.28889203093	2.31838425564	0.233084725594	0.0	0.408654519808	0.0	0.155153463723	0.199445514787	0.669042896057	0.0	0.0	0.304766337314	0.368475258844	0.0	0.0	0.177151264252	0.0	1.79634184311	6.83460046403	5.59710923433	0.209644605031	7.00750946818	0.347675358344	0.0	0.0	0.0	0.0	0.0	0.0	0.0	0.0	2.62251776294	3.09360707425	1.01435996435	0.13041864313	1.37776653307	2.67950876431	3.36208188069	1.1835421684	1.7371970417	1.56455423755	0.625389725009	0.0	5.77292223855	2.28663385487	0.126414753033	0.257635626183	0.971546533317	0.156057333745	0.103923877494	0.500879512021	0.406823789763	0.0970323223288	0.0	1.36944173286	1.42973603432	0.0185553504453	0.348616738367	0.598778194371	0.0919345922064	0.0984838383636	0.116294312791	0.0982788643587	0.147265473534	0.115812248779	0.0843847970252	0.097831043348	0.0	0.0733200727597	0.0420300770088	0.0175881974222	0.0839045480137	0.0974675593392	0.0243542755846	0.0174820804196	0.0417994510032	0.0	0.114653310752	0.0347779418347	0.342272708215	0.0	0.0	0.0	0.0
0.0	0.0	1.48083559691	2.19959840127	1.62578375746	0.46924969227	0.0	0.192136527701	0.283625522797	1.26582285545	0.236400555652	4.54579196264	12.9440744766	1.23781166307	3.39131847689	4.49702857591	0.400591770959	0.0	0.727577301954	0.794371063772	0.0	1.91023888004	0.287062261861	0.350708424537	2.19850040157	1.24459486122	0.0	0.0	0.212796002077	2.67022547316	0.588446099825	0.582197261526	1.39587482004	3.04367957151	0.671485377222	0.730273501219	1.95985626653	2.80394963677	3.64116220887	0.143712300882	0.382355215923	0.0	0.0	0.169444533877	0.464348953604	0.0319371513068	0.0	0.0	0.32325355201	0.0	0.0	0.0	0.0	0.0	1.67619414374	6.35428287037	5.55895288686	0.584814160813	7.60281833051	1.19293031528	0.00800033082231	0.0	0.0	0.0	0.0	0.0	0.0	0.0	2.468791328	3.3328682928	1.83857609954	0.0525356256998	0.919425909733	3.32519449488	2.75371005044	1.14864066734	1.96380906546	2.35054896018	0.348185465224	0.451369377137	5.27535176405	2.48989732225	0.166228614753	0.458327035243	1.23084546496	0.230544557246	0.0160872816211	0.316698493795	0.502294603276	0.0665878258748	0.0190179648233	1.18488319747	1.48866799479	0.027751576446	0.30084459811	0.770997090134	0.151245798831	0.0908980272575	0.118059977864	0.163267675559	0.119831173382	0.0201582985129	0.168291634191	0.0632258727899	0.0	0.0130219104554	0.106693728958	0.0270372666405	0.108085382579	0.0630028568506	0.00899758295086	0.0179930431023	0.0468759252404	0.035955098213	0.0378317017022	0.0233949576318	0.0413373707479	0.0	0.0	0.0	0.0	0.0
0.0	0.0	4.25787837214	1.37478319415	1.17486515954	0.0	0.216168793354	0.0	0.0	1.24441550418	0.530859349123	2.72843498992	11.2583367331	1.06606551791	4.71249863714	4.06310788714	0.0	0.132843679771	0.0	0.259657900006	0.565936486422	0.0	0.112317687352	2.22382752876	2.42789681305	1.56106667979	1.30233619972	0.0	0.345269583415	1.92005445215	0.39233552979	0.0	1.3961974925	6.39205120782	0.845813124873	1.06898307769	0.918458149279	2.19892003068	2.69019429286	0.300882576832	0.402399389015	0.104763150933	0.159512537717	0.0	0.0	0.0	0.298030207052	0.0	0.379791990756	0.0	0.0	0.492960592042	0.046740734401	0.233900471989	1.45686108782	7.5298257202	6.45674920283	0.378950670821	6.35224841088	1.70193856896	0.0	0.0	0.0	0.0	0.0	0.0	0.0	0.0	2.2662871255	4.1844596778	1.59019307755	0.253050340516	0.766678620966	3.47183463267	3.41321283719	0.979685084564	1.99766744618	2.34971801907	0.471104723725	0.132110599828	5.25345259549	2.83136138198	0.231511812174	0.340413543789	0.879874282249	0.211769083694	0.0976031984846	0.103057879065	0.29883339699	0.0967937355469	0.0	0.669362258459	1.04105592984	0.015779791785	0.251161060661	1.08247248665	0.287048767897	0.0925384278745	0.1012966422	0.215384053416	0.10753507872	0.0	0.170671096859	0.0612238602858	0.0764822551109	0.0325675684923	0.141301159119	0.0152480628258	0.123781040469	0.054195271827	0.0	0.0456311514864	0.0996973963233	0.0	0.114741402165	0.045506306496	0.257516470171	0.0	0.0	0.0	0.0	0.0	0.0
0.0	0.0	0.0	0.0	3.04108758114	0.0	0.554374236563	0.127896079208	0.0486032876987	0.492684236946	1.21284895248	5.01065396894	6.9207871571	0.0	5.64837356498	3.42952997873	0.0	0.0	1.61110719001	0.692903315703	0.221492518627	5.32395236699	0.0	3.85269237612	0.866918714625	0.257701758402	1.99597838762	0.0	0.962485514033	4.15997677421	0.677570715799	0.661185355901	0.640773716027	5.76590076425	0.974099353961	0.172229798932	2.13753678674	2.10075838698	2.51871278439	0.0	0.178267358895	0.0	0.176765718904	0.0	0.239983398512	0.0	0.0	0.0	0.0	0.00311750878067	0.0	0.156747159028	0.535156716682	0.0	2.86576398223	6.94924515691	5.94850316312	0.127810519208	7.54124595324	0.0	0.0473136877066	0.0	0.0	0.0	0.0	0.0	0.0	0.0	3.12404358063	4.2749247735	1.06931771337	0.338823797899	0.702569115644	3.70781077701	3.78580677653	0.865011594637	2.30321318572	1.40617239128	0.90637675438	0.165249838976	5.17604516791	2.76963918283	0.0638528076041	0.136762079152	0.720833075531	0.208787478705	0.0314337518051	0.173237918926	0.215268958666	0.0195462438789	0.0	0.874622834577	1.21936019244	0.0304220358114	0.357694117783	0.642187316018	0.178874958891	0.178571158893	0.0	0.178216518895	0.0468030557098	0.0592881196325	0.355026877799	0.0590545036338	0.0	0.147490559086	0.0796654115061	0.0	0.339668237894	0.0	0.0	0.0292759038185	0.0750159075349	0.0	0.0164727798978	0.0292188638188	0.0584132996378	0.029194435819	0.0	0.0	0.0	0.0	0.0	0.0
6.06841237864	0.755054984899	0.700099985998	1.35106247298	2.05311245894	0.0	0.40550874189	0.403836241924	0.0	0.0	0.0	6.10288737794	10.5081247898	1.66436246671	2.60672494786	3.84163742316	0.0349992493	0.0	0.458034990839	0.349309993014	2.75582494489	0.382082492359	0.0	2.66794994664	0.0	0.50647498987	2.29574995409	0.225386245492	0.467068740659	1.98722496025	0.432363741352	0.856234982875	0.207118745858	4.56621240867	0.957587480849	0.0	1.95662496086	2.83147494337	2.40776245185	0.459111240817	0.338273743235	0.0	0.0	0.0	0.0	0.286618744268	0.259802494804	0.49252499015	0.0	0.375874992483	0.0	0.085902748282	0.411049991779	2.2101749558	2.21582495569	8.18332483634	6.46152487077	0.194306246114	5.60688738786	1.03951622921	0.0	0.0	0.0	0.0	0.0	0.0	0.0	0.0	1.84239996315	2.32226245355	1.54101246918	0.0	0.97297373054	2.3152124537	2.92546244149	0.975607480488	1.92904996142	2.41256245175	0.485588740289	0.63650248727	4.8847749023	2.39586245209	0.18101749638	0.2050237459	0.665357486692	0.14898874702	0.0	0.237297495254	0.414081241719	0.0	0.0	0.691692486166	1.60371246792	0.0218369995632	0.571169988576	0.84549998309	0.348294993034	0.111284247774	0.242602495148	0.123818497524	0.138261247235	0.0	0.220749995585	0.102735122945	0.0550323738994	0.157401246852	0.0919836231604	0.0198432496031	0.242817495144	0.148116247038	0.0271838744564	0.0543452489131	0.155176246896	0.0542098739158	0.0	0.0	0.0	0.0	0.0541648739167	0.0	0.0	0.0	0.0	0.0	0.0
0.0	0.0	0.0	2.039359716	1.75302481203	0.106776774187	0.0	0.0853611913699	0.378687832988	0.0	0.679956251943	4.57226126647	13.4770814797	0.608174076019	4.44004951081	3.36586207109	0.0	0.0	1.13527599923	0.0	0.0	1.37532733871	0.0	0.149793789759	2.68290450016	0.761325764651	0.0	0.0207344270457	1.7477832138	2.78674106533	0.538445699405	0.196576314068	2.17816126944	4.78021159671	1.25411537937	0.240159699451	1.17105494723	3.28299189889	1.84059478266	0.506327050178	0.302660718488	0.0	0.0	0.0	0.396256007095	0.286350023958	0.0	0.0	0.0	0.438750752843	0.0	0.0	0.0	0.00933974686745	1.94416674792	6.10458455253	8.18958145321	0.0	7.40009091801	1.55292427915	0.110035133094	0.0	0.0	0.0	0.0	0.0	0.0	0.0	2.18412106745	3.59804219322	1.91281795845	0.0	1.2510561004	3.34374907851	3.47519223442	1.13449227949	2.54541334627	1.98316373485	0.886072022811	0.25303941513	5.86749043204	3.98174986453	0.183489958458	0.294465681236	0.881571304321	0.403393904701	0.0884434023361	0.406959703505	0.440859992135	0.0904139156752	0.0	0.816982465984	1.41824292432	0.0668239515872	0.388291549766	0.996235045863	0.343564084769	0.095268190047	0.112216696363	0.136751534133	0.0947587722179	0.0	0.289474822911	0.101982475795	0.0169876923023	0.0809907568357	0.116052513076	0.0169343943202	0.115669977204	0.059677989984	0.0168814743379	0.0466724003461	0.0892626540613	0.0336867187015	0.0	0.033676134705	0.0336656767085	0.0	0.033655218712	0.0593003681106	0.0088297494385	0.281606125549	0.0	0.0	0.0	0.0
0.0	2.41165492142	0.322434099932	1.73430010645	1.24496379891	1.22996382193	0.0	0.191940269252	0.564436522463	0.0	0.0	4.95565660438	15.6522492782	1.02508986667	3.81937437601	3.23062750224	0.0	0.0	0.507793226123	0.0	0.0183591285369	2.74994497872	0.0	3.86189399578	1.56742202885	0.36285821873	0.110142198216	0.337473446925	0.0	2.60747631248	0.940888827514	1.24117919715	3.62096218375	3.80148006769	0.0	0.0	1.73713220777	2.49089025827	2.64878943168	0.486123206047	0.96535665889	0.434895192226	0.0	0.430663550259	0.236583330011	0.14402060697	0.0510046207171	0.0	0.0	0.408909710143	0.0	0.0	0.0	0.0	3.0617047237	6.30233983059	3.23526300439	0.0271983326472	6.19530418082	2.3210784793	0.0	0.0	0.0	0.0	0.0	0.0	0.0	0.0	2.54251578227	3.68921201548	1.11028658628	0.297713538436	1.04802099733	2.2094835274	2.41750962414	1.17366469575	2.21265852889	2.33418488539	0.299067359066	0.204101794907	5.66231033298	3.44321290109	0.166269747315	0.14593576786	0.896113686693	0.260201530994	0.0	0.744159386034	0.41733235406	0.128060509548	0.0	1.04342105519	1.21159072339	0.0415235583084	0.148115088873	1.3737596388	0.2425802728	0.201710383796	0.0680914626625	0.281394030848	0.0676437874543	0.160260104521	0.107319621904	0.119842335727	0.0399162455611	0.0542116262084	0.238796941041	0.0	0.119189428423	0.0664424938958	0.0396525934385	0.118865578272	0.118727402208	0.118589480144	0.0394991773671	0.0	0.0	0.0	0.0	0.157844563397	0.0	0.131174550996	0.0	0.0	0.0	0.0	0.0
0.0	0.0	6.20463542602	0.76799126602	2.32816708518	0.644956349811	0.0	0.0	0.0	1.40115241236	1.83115573891	2.52986954454	12.8163877719	0.0	4.39867009453	5.42346399612	0.0	0.0	0.0271273039836	1.41233961565	0.626213304294	0.0	0.0	0.0	2.25009986221	0.77176214713	1.15660066039	0.0	1.51141164481	2.56435275469	0.353930344161	0.697886925388	0.990171171407	2.06187580681	0.63594898716	1.57450286337	2.30481987831	3.15714652915	2.61358156918	1.11058848685	0.825888243059	0.452425093148	0.0	0.933463314719	0.217414463985	0.795122154004	0.0	0.233213508635	0.0	0.0	0.0	1.4889348382	0.43377292766	0.0	1.1814301077	7.09040848671	2.27994947099	1.49894444114	4.91475344641	2.03406139863	0.293766486455	0.205289020416	0.0	0.0	0.0	0.0	0.0	0.0	3.25866335903	3.40509540212	0.978425887951	0.0820121841362	1.38663720809	3.58909545627	2.9303560624	1.11562912833	2.52007754166	2.20615744927	0.464400776673	0.599028656294	4.27544445827	2.94528086679	0.0847283449356	0.199754298788	0.512002710683	0.311875931785	0.0	0.370723949105	0.73757973707	0.0	0.0511500950534	1.23987236489	1.75018291508	0.0	0.406819959727	0.32286473502	0.278323281911	0.29014792539	0.337573219347	0.432556927301	0.191721016424	0.130312998351	0.164421168389	0.0953387800582	0.142858282043	0.0951396119996	0.0340719460274	0.0	0.223663425824	0.18932997572	0.0945469718252	0.188858935581	0.0805482477053	0.0471072138637	0.0	0.0941559317101	0.0470487178464	0.0	0.0	0.0	0.047009933835	0.0057590672949	0.0	0.0	0.0	0.0	0.0	0.0
0.0	0.0	1.41631733013	1.30206198736	1.06365312812	0.236716378602	0.0	0.0	0.0	0.0	0.0	0.475659298039	14.912921582	1.70352303763	0.928013447356	8.02004910191	0.0	0.0	0.0	0.770487618394	2.32412936992	5.00149957206	0.66980953071	4.59603952029	2.99507152106	1.23191821111	0.0	0.0	0.5247128564	5.56648108353	0.554829207672	0.0	1.63948741367	3.66112457035	0.0	0.973431784355	2.73947082538	3.1279802708	0.606741407103	0.0	0.0	0.0	0.0	0.0	0.0	0.0	0.0	0.0	0.0	0.0	2.49980163568	0.0	0.0	0.0	0.00793101326857	6.23547533393	4.30959491308	1.08752587706	6.76316293146	3.46086489541	0.0	0.0	0.0	0.0	0.0	0.0	0.0	0.0	1.34963720516	4.90935483757	0.773820979641	0.43347628225	0.425306709192	4.08834693026	3.25205251724	0.193992852612	1.81386967893	2.33328837336	0.486753302192	0.324822121581	4.36042093211	0.993905382019	0.500491807334	0.166321052254	0.875817447819	0.0822509467865	0.737479086038	0.317373658794	0.869410015421	0.141871673103	0.0	0.998376523692	1.29904338623	0.0	1.1458674389	1.32716539675	0.602341215456	0.15006704617	0.149860646093	0.448349987817	0.149041495786	0.0	0.222875963423	0.222421883253	0.0	0.0	0.148028845407	0.0739393446755	0.0	0.0	0.0737392656006	0.0	0.294459380216	0.0	0.0734908115076	0.0	0.0	0.0	0.146833014959	0.0	0.0	0.342963398372	0.0	0.0	0.294584510263	0.0	0.0	0.0	0.0
9.89039829885	2.68820453763	0.0	0.0	1.15479500138	0.0	0.0	0.0	0.369436536457	2.52229856616	0.0	3.44215240795	12.8617817878	0.0	6.6796718511	4.70897619006	0.0	0.0	0.0	0.761871368959	0.245139657836	3.69206436496	0.0	1.39898175937	2.05736664613	0.0	1.29197227778	0.0	2.99876148421	0.586615799102	0.0	0.0	1.12182180705	2.94804849294	0.0	1.02576482357	3.30944843077	0.0	0.304281847663	0.0	0.46249442045	0.0	0.0	0.46017652085	0.457880721245	0.455608321636	0.0	0.955715635616	0.0	0.0	0.0	0.0	0.0	2.23397161576	0.925529640808	7.45622671752	2.27688460838	1.08968581257	7.64498668506	1.18849749558	0.229226360574	0.0	0.0	0.0	0.0	0.0	0.0	0.0	3.19638745022	2.47768257383	3.18356945243	0.175983569731	1.00775852667	2.79285451962	2.47549857421	0.571599501685	2.3261415999	1.72604870312	0.165544571526	0.335451942302	2.5615975594	2.58974255457	0.470393219092	0.0	1.83883668372	0.381092334453	0.0677316783502	0.512586011835	0.507881312644	0.0	0.149397274304	0.822270658569	1.23811198704	0.0	0.732808573957	2.06471164487	0.193976866636	0.20622676453	0.0686392081941	0.274045152865	0.068383628238	0.204846164766	0.32668474381	0.0	0.0	0.135605576675	0.203033965078	0.135106376761	0.591070898336	0.0669865184784	0.0669376384867	0.0668888884951	0.0668401385034	0.0667915185119	0.0	0.0	0.0	0.0	0.0	0.0667430285202	0.0	0.0666945385285	0.0	0.0	0.0	0.0666460485369	0.789431364218	0.0	0.0	0.0
1.62653591808	0.0	3.91770058872	4.6721298754	2.05688418161	0.223200504816	0.0	0.222756414647	2.16769712373	1.67349943593	0.0	2.6697548145	14.1608433811	2.08728929317	3.27242054352	3.10015547806	0.0	0.0	0.0	1.12419788719	3.37994538438	1.33872880871	0.0720065353625	0.647258145958	0.0	0.0326656484129	0.919279749326	0.377633843501	1.19434448385	2.9378857164	0.367557319672	0.0340588339424	1.75037026514	2.34034208933	0.0	2.202634837	0.850583323222	2.59649958667	1.70563374814	0.567970365829	0.564941644678	0.0	0.0	0.0	0.236206189759	0.0	0.463009195943	0.0	0.507557072871	0.107296638773	0.0	0.0	0.202412106917	1.29284473128	1.96667754734	7.20907683945	1.0871039131	0.14107919361	6.18971305209	2.28147066696	0.452999482139	0.0	0.0	0.0	0.0	0.0	0.0	0.0	2.52945376119	2.98380123384	3.04745415803	0.605797940204	1.22722418635	1.6542162286	4.42967498327	0.756696897545	2.01653616628	1.20896146941	0.0	0.500046840018	4.87151195117	2.01005166382	0.39765851111	0.297267932961	1.14462865496	0.388720377714	0.193826363653	0.564181844389	0.844907091065	0.380004944401	0.142150774018	1.44548074928	2.45567453315	0.135311261419	0.699575635838	1.02679411018	0.0	0.306081616311	0.218090192875	0.123647933986	0.260687479061	0.346589451703	0.251860695707	0.0862239707651	0.0	0.164800682625	0.0636018341687	0.0	0.463433636105	0.20563077814	0.08518396137	0.0773382373885	0.0	0.0	0.0	0.0	0.0425150181557	0.084978946292	0.127340694389	0.0	0.0	0.0	0.0	0.0	0.0423959391105	0.0	0.888796037743	0.21034022993	0.0	0.0	0.0
0.0	0.0	0.0	0.0	0.0	0.0	0.0	0.0	0.0	0.938615206135	0.0	0.0	8.61614312506	2.44514203279	2.38621722236	2.82230569955	0.0	0.0	0.0	0.0	0.0	0.0	0.0	4.76707524377	8.52578910906	0.0	0.0	0.0	3.75002826375	1.63678708971	1.610162685	0.0	4.67912362821	0.0	0.0	0.0	3.04492373896	5.42728656063	1.39100304621	0.0	1.27773646616	0.0611631348258	0.0	0.0	1.24559050047	0.0	0.0	0.142171945164	0.0	2.38621722236	2.33006441242	1.14478868263	0.0	2.9858537285	2.89844331302	7.21329967676	4.40015477883	0.0	9.10635161183	2.604505661	0.0	0.0	0.0	0.0	0.0	0.0	0.0	0.0	1.32040943371	3.09483294779	0.577258542175	0.766635015695	1.77596791434	3.32640058877	2.95060972226	1.27453150559	2.24163759677	2.44704283313	0.0	0.60937546786	3.9045210911	1.63574428953	0.37367226614	0.0	1.11263215694	0.0	0.183886592549	1.45893025823	0.180863792013	0.360740223851	0.0	1.91599353913	3.75103146393	0.0	1.2915370686	2.24149239674	0.161406988569	0.643010393813	0.160101508338	0.0	0.159844108293	0.0	0.636807712715	0.0	0.0	0.0	0.0	0.158310268021	0.315864175909	0.31485965573	0.0	0.0	0.0	0.157054947799	0.156806787754	0.0	0.0	0.0	0.0	0.0	0.0	0.0	0.0	0.0	0.0	0.0	0.0964254890673	0.406817472007	0.0	0.0	0.0	0.0
