6.0796418239	0.56670217001	0.713180213954	0.881156264346	0.0	0.0	0.545046163514	0.0	0.0	0.0	0.0	0.0	0.54183016255	0.0	0.0	10.6724432017	0.0	0.0	0.0	0.0
7.51912723279	0.0	5.85720972852	0.0	1.09145721769	0.496645353019	0.0	0.0	0.0	0.362268573958	0.0	0.724075148332	1.93847675537	0.360731375342	0.0	2.65000861499	0.0	0.0	0.0	0.0	0.0
6.4113957952	0.0	4.94007938323	0.60807577026	0.124511674863	0.0	0.124195094775	0.0	0.560362156902	0.511022743086	0.0	0.497912939416	0.746480009015	0.121041173891	0.845196236654	0.884384847628	0.237738666568	5.38760350852	0.0	0.0	0.0	0.0
7.56681999528	2.9676225669	5.99035316291	1.98085304589	0.159572934255	0.367372293973	0.0204011257718	0.138528613143	0.0396200509194	0.0	0.0203091487232	0.30645906181	1.41273434592	0.0193819032336	0.483303855185	1.45957387065	0.0670940254258	0.0	0.0	0.0	0.0	0.0	0.0
6.22910449834	0.0	7.98794463902	3.51180028094	0.395064031606	0.0976017678082	0.172284013783	0.146772251742	0.0	0.316288825303	0.0	0.947695275816	1.49010011921	0.0	0.914966473198	1.71846493748	0.071912885753	0.0	0.0	0.0	0.0	0.0	0.0	0.0
0.0	0.0	7.20074927993	0.0	0.932522406747	2.48428975157	0.0	0.0	0.0	0.49330495067	0.454969954502	3.0309746969	2.70619972938	0.0	2.8289247171	3.25652467435	0.0	0.0	0.727754927225	0.883784911623	0.0	0.0	0.0	0.0	0.0
3.5180329094	0.0	5.57231827259	2.88295710628	0.444046062346	1.32444218942	0.0	0.0	0.0	1.1438748454	0.21112851455	0.35961108852	1.51721132967	0.205173216396	0.847654337228	0.866101331508	0.0	0.0	0.602570613203	0.600202013936	0.0	5.90467616955	0.0	0.0	0.0	0.0
2.50035235978	0.0	7.88002614591	2.01619675802	1.08244553321	0.0	0.00656115795832	0.355233381176	0.363951675806	0.275877730059	0.221535943534	1.00182628287	3.17031104709	0.0894768648822	2.56203112179	2.3029230814	0.128980270548	0.0626305114197	0.0699472369126	0.537191669091	0.0	2.11143919935	0.261062029186	0.0	0.0	0.0	0.0
2.26039375335	0.0	7.03365149847	1.43501588159	1.27114878647	0.381376555918	0.0996942161958	0.277784742218	2.77438382439	0.702060350681	0.338035383658	1.09292890053	4.62612903928	0.318886195914	0.229564853078	1.50791103494	0.155226300655	0.0	0.619163603736	0.0642229988974	0.264185150921	1.53344421859	0.0	0.208032026859	0.0	0.806760683674	0.0	0.0
2.48887988223	0.0	8.88994422155	5.2927575597	0.28712359337	1.01936383741	0.0	0.284924814799	2.49137388061	0.471510693519	0.274755391409	2.73980801912	1.37003160948	0.0	0.0	1.71545328496	0.0	0.0	0.0	0.520369861758	0.0	1.15370335009	0.0	0.0	0.0	0.0	0.0	0.0	0.0
11.3272516991	0.0	7.01259105189	2.19810032971	0.418563062784	0.0579702086955	0.277758041664	0.282203742331	1.52375422856	1.31014519652	0.306429045963	0.993810149073	0.422553063384	0.0	0.0677340101601	0.89640613446	0.0659361098904	0.065920809888	0.298036244705	0.0660843099126	0.263728839559	1.72472725871	0.226453833968	0.0	0.0	0.193842629076	0.0	0.0	0.0	0.0
6.74277569605	2.11736406249	6.04019204031	4.59143875021	0.606186102967	1.50997206011	0.0	0.0	1.03603809234	2.73472875998	0.0	1.53158524952	2.09964757117	0.286263469731	0.0	0.345271630817	0.0	0.284307370689	0.0	0.0	0.513548848361	0.0	0.280744852435	0.0	0.0	0.279935442832	0.0	0.0	0.0	0.0	0.0
7.22006349459	0.627948756045	4.74585566778	3.82681573213	0.294900459357	0.105319352628	0.294092139413	0.0	0.330531176864	1.08749752388	0.0	1.24773751266	1.52399349332	0.284475180087	2.35730223499	4.20038370598	0.0	0.0	0.0	0.278085420534	0.0	1.65493428415	0.0	0.824287942301	0.548355161616	0.0	0.0	0.54742076168	0.0	0.0	0.0	0.0
6.74005004538	1.65232602083	6.69213405927	4.47849470125	0.904245937769	0.0	0.338177301927	0.0	0.0	1.08047908666	1.10590557929	1.78522358229	2.97258633795	0.107460508836	0.595821427212	0.419617978309	0.106407809142	0.106365899154	0.863962849451	0.251440787082	0.0	1.23212394268	0.0395650085262	0.0	0.181775827285	0.0	0.102782100193	0.20544771042	1.03760549909	0.0	0.0	0.0	0.0
0.0	0.0	11.6095362237	3.56438945464	0.73445088763	0.498929523663	0.292760695208	0.584881510512	0.0	1.68545794212	0.0373802742809	1.34612099405	3.31337089305	0.0	2.8510015638	2.64689959503	0.13810219887	0.138054598877	0.604618507493	0.0292016775321	0.0	3.61399544706	0.0	0.0944859855435	0.0838790071664	0.0	0.0	0.0	0.13248301973	0.0	0.0	0.0	0.0	0.0
8.34893666978	0.0809284161858	11.914912383	0.273482354697	0.384338576867	0.0	0.0	0.0366628573325	0.0	0.0	0.283385956677	1.86037287207	1.55328981066	0.0	1.51521680304	0.869701173939	0.0	0.0	0.711525642306	0.222968944594	0.0	3.79116575824	0.0	0.164716682943	0.0	0.0	0.0	0.0	0.478250595652	0.439379587874	2.07076491415	0.0	0.0	0.0	0.0
8.97378589782	0.0	10.0298091797	1.3679486698	1.51173257202	0.0	0.0	0.0	0.0	0.845481025073	0.0	1.79429997988	4.28241308796	0.554266423098	0.357993836564	2.71645375281	0.20083774343	0.30101487531	0.0810107449128	0.0	0.0	1.68924125132	0.0	0.425616910582	0.28776472432	0.193562868377	0.0	0.193442988459	0.19332346854	0.0	0.0	0.0	0.0	0.0	0.0	0.0
10.7804294907	0.0	5.99977116003	1.74810175527	1.21389213006	0.53336602533	0.0715313499856	0.0	0.0	0.0	0.133694301283	1.61504237389	4.13759842073	0.195628592612	1.71870525938	2.15684809804	0.0	0.0	0.973984163644	0.510437128538	0.0	3.71509547989	0.0	0.745564695619	0.597842216302	0.0	0.0	0.0	0.0639800210427	0.0884873376117	0.0	0.0	0.0	0.0	0.0	0.0	0.0
10.8579707145	0.0	10.2830685708	0.188093967023	0.889173622292	0.0	0.221595155399	0.166418381605	0.0	0.0889131822285	0.088223862056	1.48223597056	3.13546058386	0.301727675432	1.25554691389	2.11253452814	0.0472210918055	0.0	0.385422696357	0.320397080099	0.0	4.22180105545	0.0	0.0	0.358693109673	0.0904290026073	0.0882227220556	0.0	0.107886206972	0.0802700800674	0.0901850425462	0.457820314456	0.0522025130507	0.628485957122	0.0	0.0	0.0	0.0
9.94265223479	0.0	8.01979773652	0.487090119582	0.930543173247	0.624299812422	0.0	0.0	0.0	1.10711163535	0.0	1.947498579	3.40022404442	0.574375951414	1.6482791127	2.37845994242	0.0	0.0	0.573521852081	0.0	0.0	3.63395476188	0.362721556715	1.27472570444	0.0	0.00938148167307	0.359452969267	0.0	0.0897958698694	0.358913989688	0.0	0.0984932530768	0.268661430175	0.812720365267	0.0973244239898	0.0	0.0	0.0	0.0
5.74491687076	0.0	10.1214344868	1.87403097922	0.954999479812	0.264339056014	0.0	0.0	0.0	0.977903467336	0.134303526845	1.89716696661	5.35243708452	0.00722427606492	2.08385486492	3.69728598609	0.121478333831	0.121343533904	0.31934942605	0.303827434505	0.0	3.44340612438	0.0	0.802799562716	0.758059587084	0.166775509157	0.0	0.0555519697408	0.277610648786	0.00305310633697	0.0	0.16937870774	0.16623870945	0.0	0.0	0.181230301284	0.0	0.0	0.0	0.0
3.4206197664	0.0	9.45940271442	0.387952074362	0.993664300273	0.235754652419	0.0	0.0	0.0	0.966382883791	0.378219488482	4.21000554327	8.52374114919	0.0	2.57900815798	2.66570271035	0.00279099058604	0.0339632315172	1.00193400527	0.121702833521	0.0	2.71193023828	0.0	0.478490789058	1.06818594529	0.0918080754611	0.21527924005	0.0	0.0	0.0933804264111	0.0298727000461	0.0	0.12317555441	0.130414518784	0.0894358140282	0.0	0.987182196357	0.0	0.0	0.0	0.0
0.0	0.0	11.3531503142	0.0	1.57449659831	0.0	0.435918165648	0.0	0.0	1.80306908517	0.0	3.10201197876	9.80662572653	0.414082357351	3.47961732226	4.70005378601	0.0	0.0	0.0	0.640554843411	1.69910644566	0.373898002081	0.0	0.750116085046	0.251159675441	0.391018888587	0.0	0.0	0.126719928153	0.12905260904	0.0	0.128942988998	0.0973547769949	0.0	0.0	0.0972661569613	0.0315004319702	0.614283833428	0.0	0.0	0.0	0.0
2.58854767262	0.0	8.72551454814	3.53781540587	0.874275754328	0.182059798841	0.476723666042	0.0	0.44672687447	0.211096400682	0.299859985739	3.14517391621	7.01699602823	0.306034354004	2.5761421761	3.35962345595	0.0474092066782	0.0139769310725	0.556742343557	0.399449677755	0.0	2.74610392834	0.0	1.45598819087	1.63896173945	0.725375396171	0.346487882637	0.0571358039447	0.387240691185	0.495329760813	0.0	0.326578028232	0.0	0.0	0.0	0.0449096173804	0.0	0.0117207647065	0.0	0.0	0.0	0.0	0.0
5.26402612076	0.0	8.10519310643	0.0	1.56118984266	0.279724180138	0.13943903022	0.0	0.0	1.62794221883	0.801156113987	2.26021319311	7.55642530236	0.0825540905284	3.43540877356	4.66039033623	0.0610966181883	0.183233094586	1.34110192123	0.415028971835	0.0	2.49874150795	0.378454864891	0.341545038069	1.18160637817	0.652312967126	0.653830966584	0.172891338278	0.331869881523	0.0	0.0146241427792	0.0	0.0	0.0	0.0	0.0	0.0	0.0	0.0	0.0	0.0	0.0	0.0	0.0
1.62471095247	0.0	6.70756273956	1.44355001352	1.35711854265	0.0279454405824	0.196851983661	0.537164818974	0.0	0.221159175469	0.153374348313	2.93961050935	8.99063697015	0.231890321853	2.31463271997	6.24946289391	0.125293007776	0.0	0.0	0.212530878377	0.0	3.38646035876	0.352266181286	1.53661898216	1.6730139362	0.769625740638	1.07156663888	0.131845455568	0.592901800191	1.0216661557	0.0260922062069	0.117438710423	0.221709975284	0.428848955478	0.0	0.051878682517	0.0	0.0	0.2845709041	0.0	0.0	0.0	0.0	0.0	0.0
2.58037090571	0.0	8.51740898963	0.896126314539	1.28676765166	0.0306480627575	0.249505467577	0.0	0.0	0.422242888207	0.514399780555	2.2040033736	7.77409472872	0.556236795238	3.59599606219	4.71329965439	0.0857610501019	0.0	0.499357775274	0.0	0.0	2.08409513152	0.277609637441	0.780486873953	3.28926795453	1.10071598635	1.11981979306	0.120478182288	1.47300791703	1.45352691019	0.0	0.0	0.237475543354	0.0	0.00968838540064	0.0	0.0	0.127608184791	0.0	0.0	0.0	0.0	0.0	0.0	0.0	0.0
3.23457581775	0.704003212095	4.63273574736	1.7210497517	1.18792434545	0.122978252239	0.157323953315	0.398201170591	0.0	0.515006916233	0.0	2.28100274317	8.82814613569	0.545956399176	2.47135263828	2.25488955755	0.0294544607706	0.0	0.0	0.0	0.0	4.20630028233	0.0	3.16530725591	1.29482578655	0.899523104361	0.694128517538	0.361684070712	2.64557214229	3.33541426219	0.0	0.471184140377	0.302960423069	0.0	0.164038369615	0.070513591147	0.0	0.0932629886121	0.0	0.0702607312866	0.0	0.140423232627	0.0	0.0	0.0	0.0	0.0
4.97064193853	0.0	4.65065941376	0.0	0.792163508942	0.047356338469	0.179760550106	0.244900895511	0.0	0.718056280042	0.444889133507	3.19657084666	8.60707535674	0.417264162733	1.78052709441	3.82444949154	0.0538205009899	0.0	0.37899950781	0.204378319707	0.0	2.48008896723	0.0	1.78699749693	1.76555108856	0.956011572845	0.986899584893	0.0	2.07841521058	4.38036170834	0.346201095018	0.378370707564	0.0	0.745622690794	0.232010010484	0.430555367916	0.0	0.0	0.0	0.00538848210149	0.0	0.120316366923	0.0	0.79569631032	0.0	0.0	0.0	0.0
1.38619460274	0.0	6.77468759234	0.0	0.879211457755	0.397865099874	0.0	0.0	0.0	1.1123288405	0.276465700938	1.65203906902	8.11909991609	0.267007725695	1.74357102298	3.32094882956	0.0310223253958	0.0	0.0699170848317	0.535354130716	0.0	8.20161587459	0.0	1.77065330936	1.26453746394	0.895832249396	1.05829656768	0.19628165127	1.79777479572	3.09544114299	0.224240547207	0.0	0.455486130891	2.0411478733	0.366363995719	0.0914922639792	0.348108564901	0.0366741785529	0.0	0.0	0.026870704484	0.0470237573471	0.0537186729794	0.110728184304	0.351998672945	0.0	0.0	0.0	0.0
0.6576855518	0.0	5.74370481895	0.0	1.23966104007	0.0	0.146422122848	0.0	0.0	0.569755478025	0.408688342889	3.34225280415	11.1068093186	0.083701070225	3.135877631	4.07302841727	0.188546658191	0.0	0.145802622328	0.0	0.0	2.80137735035	0.0	1.6887964169	2.25761689414	1.0554258855	1.26506606139	0.270373726843	2.05671172558	3.84163822313	0.291464744539	0.0	0.299801251534	1.61589635574	0.540875453795	0.0213905679467	0.339243284625	0.531090445585	0.281295736007	0.0	0.0	0.0	0.0	0.0	0.0	0.0	0.0	0.0	0.0	0.0
0.708604497401	0.0	4.66687935869	1.00162002038	1.08498975537	0.0	0.342008693541	0.0	0.0	0.792397532571	0.175653763722	3.35100740642	11.5789938597	0.193386981164	2.56926887832	2.8217699843	0.221125382806	0.0	0.983249812672	0.0230010096535	0.0	2.49788414836	0.0	0.322281375262	2.07567027116	1.2768773359	2.39758750627	0.0946998997453	2.55246947127	3.73859226909	0.476843060131	0.730417206556	0.576927542138	1.6895389091	0.789000931143	0.0211513918773	0.398496317249	0.326546507052	0.0	0.0935778992746	0.0589585747447	0.0	0.0	0.335828000947	0.027700712626	0.0	0.0	0.00499373339587	0.0	0.0	0.0
0.137989307005	0.0	7.13206139573	0.0	1.01216459808	0.155097830352	0.0	0.120943183669	0.0	0.100106779591	0.491747456235	2.03277919782	9.99388195582	0.411683040566	2.92983137337	2.89033736564	0.152091709764	0.000645127726251	1.08573941248	0.0	0.0	1.98073238763	0.0	1.95229358206	1.88833356955	0.855847367487	1.58537111026	0.0750146946801	2.63777851621	3.69925472394	0.0542906106246	0.0	0.12815506508	3.45919667697	0.818168160113	0.2815556151	0.597521716938	1.05749820695	1.42126947814	0.618363321014	0.00916203779301	0.0	0.0	0.066030652922	0.157328630789	0.00973414190497	0.0	0.0	0.0	0.0	0.0	0.0
1.37433233815	0.0	6.2600417183	0.0	1.00543645475	0.0	0.181038981853	0.0	0.0	1.21210464546	0.260837368262	3.40329414685	9.23827058427	0.285188217167	2.69587667868	3.47221534375	0.0820932863059	0.0	0.525183336367	0.0185686551644	0.0	2.71632937777	0.0	1.62430682691	1.24827184383	0.916104958777	0.933828157976	0.203100230861	1.49844773257	2.12429290441	0.16778103245	0.025689469844	0.408507551617	3.70391543333	0.794369264252	0.703214568354	1.27479834263	2.30296119637	1.41177153647	0.0684441969202	0.191850451367	0.27067469782	0.0	0.0463968869121	0.0	0.0	0.00790722864416	0.105462045254	0.0600807972965	0.177011512035	0.0	0.0	0.0
3.34808648437	0.0	6.28835415849	0.0	0.742365018706	0.0	0.010792926272	0.0	0.0	0.319137308042	0.177676744478	1.83441784623	7.43110218727	0.284746327176	1.89525964776	1.95719764932	0.00793638020002	0.0	0.376788789495	0.0	0.0	4.98769932569	0.0	1.36260363434	1.67297404216	1.06004162671	1.30732383295	0.0	1.19151543002	2.96327167468	0.191634124829	0.267526806742	0.999685825191	4.62971171667	0.62150221566	1.00544222534	1.39991763528	2.2936284578	2.37276005979	0.145160643658	0.399462850067	0.249846126296	0.0	0.0642562216195	0.0310665247829	0.000920527223198	0.0	0.0508181052806	0.00620767815644	0.0511612212893	0.0	0.0	0.0	0.0
0.0	0.0	5.31518739051	0.0	0.731989278345	0.0	0.0464084909471	0.0	0.0	0.804402256421	0.425079471282	2.27076231239	9.00294727381	0.675982795306	2.12068385784	2.51056223978	0.11340556566	0.0	0.443274565772	0.125663961948	0.0	6.43422805163	0.0	2.0775198709	1.76834846453	1.20085313637	1.10813416445	0.000189024492761	0.614041814062	1.43383306582	0.0	0.190323592368	1.17173614518	5.06824296529	0.584627822972	0.381898984357	1.65910749761	2.20680283176	2.89246562413	0.458905561039	0.516665443549	0.0290567662013	0.0	0.382032084317	0.132292559941	0.0	0.102345069009	0.0	0.0	0.0	0.0	0.0	0.0	0.0	0.0
9.43258226439	0.0	5.18066544676	0.129041896257	0.771679858012	0.18386084617	0.0	0.0	0.49255798937	1.19603097993	0.555647017761	1.82241326468	6.83860674168	0.0	1.8429428609	3.40486097351	0.0	0.0	0.0	0.596573490229	0.0	4.08448244846	0.0	0.143726213555	1.01366141349	0.65180068007	0.846025444331	0.272204189914	1.23059417357	2.69596830394	0.21989123954	0.0	0.907799032963	3.85016169157	0.514760865284	0.639161482394	0.471490233246	1.21131337712	2.37201396355	0.321365460868	0.780723856349	0.52635790315	0.0279790508519	0.610091887742	0.139203654387	0.0	0.0217598039962	0.0	0.0	0.0	0.0	0.0	0.0	0.0	0.0	0.0
0.843235929401	0.0	8.8441276502	0.967860837199	0.641381654792	0.343663557269	0.0	0.0	0.0	1.69346006484	0.0	1.98192021436	7.7338806898	0.010950279472	0.760631457945	3.15821883186	0.0629160844225	0.0	0.0	0.0	0.0	7.1251771633	0.0	2.53222149037	2.85848407259	0.649492761809	1.98491271695	0.0510964401984	1.47509287596	2.02545685202	0.463592231008	0.0	1.47353107461	2.27870237108	0.121569135157	0.386288194139	1.16917361133	1.02021538249	2.28503507655	0.481774106734	0.181002516567	0.22457791426	0.0	0.658641269726	0.337743532148	0.0	0.0	0.125833308846	0.0	0.0481386506399	0.0	0.0	0.0	0.0	0.0	0.0	0.0
0.0	0.0	8.20166238429	0.0	0.157245509023	0.0	0.23492315372	0.547517572139	0.0	2.01898540226	1.38008652813	1.26533935073	4.80774665287	0.363822908327	2.19919136676	1.13742037593	0.211937178248	0.0	0.834695235564	0.0	0.0	11.8129156729	0.0	0.199251420747	1.38586912698	1.2060691624	0.378027685529	0.0	0.398671041462	3.32139254568	0.0	0.101095720084	0.194734961637	5.22064857153	0.633864475126	1.32703393858	0.783736445604	1.37538852905	1.8289426397	0.279531524932	0.334586274086	0.945713013692	0.0552512531155	2.36632993383	0.109219198484	0.0	0.163460207798	0.0	0.0	0.163343047822	0.054349991293	0.0	0.0	0.0	0.0	0.0	0.0	0.0
1.68264557677	0.0	7.73614349084	0.855052096355	0.995424977846	0.0759088540653	0.199828986	0.00271326407505	0.0	1.61114933527	0.93916844519	1.09355383481	2.8409932492	0.116809447808	1.37932050069	1.82616316009	0.131095126101	0.0	0.224422560277	0.41648537177	0.0	18.8523989438	0.0	0.0512188737326	0.286870556528	0.701014806941	0.649259976898	0.0305446127312	0.925450937225	2.95627931612	0.649613977098	0.0905573825684	1.03374550009	6.40044171547	0.330050911595	0.58616652027	0.0	0.339092076843	0.476593426662	0.243363931273	0.315660803241	0.361441289816	0.0513696188201	0.190479250573	0.398957641595	0.0	0.255824738507	0.473927215115	0.0691450901389	0.103679580186	0.0499730290094	0.0	0.0	0.0	0.0	0.0	0.0	0.0	0.0
2.83614410829	0.0	6.97271534922	0.0352260365042	1.18893520698	0.0487628674751	0.0108004127961	0.137524108271	0.0	0.930563379312	0.25238443166	1.51402699015	5.27272448309	0.278141814479	1.08352727729	1.23608917553	0.071320752429	0.0	0.296501202233	0.0103439331006	0.0	12.8177914505	0.0384475543555	1.4263850486	0.773993483748	0.444855303281	0.805931462442	0.0705599529366	0.784055477034	2.19750453427	0.0	0.225822449377	1.29107913885	7.4226550491	0.5020994651	0.242931437965	1.03054131263	0.438247507689	1.05545329601	0.281690212112	0.482572478124	1.16966921983	0.0183427677654	2.10276459746	0.309060393857	0.0	0.0257273228399	1.15274923112	0.127684714834	0.121661918852	0.0888737407212	0.08298354465	0.0947681367894	0.197366268356	0.0	0.0	0.0	0.0	0.0	0.0
5.88181863498	0.0	8.67274106489	2.07094510943	1.3154108682	0.0	0.104987161312	0.0	0.0637334472204	0.0195869894388	0.243136991992	0.930921543656	2.19556818221	0.146789875725	0.740973532728	1.48009876438	0.0	0.0	0.0	0.0	0.0	18.7386619434	0.0	0.39135304855	1.61428664274	0.42818426006	0.414134121855	0.0	0.455639156093	2.58173500773	0.0	0.0	1.50868338107	6.25683465396	0.34380169078	0.556125124777	0.0	0.543666477501	0.0	0.226316842169	0.0	0.510168307938	0.0	0.330731213147	0.119339249694	0.0557356715497	0.0	1.25043363026	0.062665946597	0.0313112572858	0.0	0.0	0.165674876754	0.0	0.110314294423	0.0551415922027	0.382349443292	0.0	0.0	0.0	0.0
5.02387395655	0.0	11.4770095559	0.637558597532	0.858346865943	0.217802967482	0.297143152064	0.0426415052116	0.322723739989	0.226486070172	0.237308793525	1.03469972058	3.94189922132	0.0812212651646	1.15263615712	1.23029118118	0.0	0.0	0.174250433988	0.0	0.0	18.1898756358	0.0	0.431458133679	1.06662973047	0.38056479791	0.0559355493305	0.0	0.469899385589	2.94761731326	0.103721072136	0.251652497969	1.05559992706	5.24505282508	0.275307365298	0.49539999349	0.513361399055	0.482420909468	0.673183808574	0.0	0.368692414232	0.0	0.0	0.373954355862	0.205244863591	0.0	0.00032414664043	0.581395260134	0.231836051829	0.170305372766	0.208656104648	0.0578175599136	0.0578056559099	0.0	0.0769761238495	0.0	0.0734185627472	0.0	0.0	0.0	0.0	0.0
5.24259002794	0.0	8.87840257147	2.24447619727	1.13008160003	0.0	0.250325504308	0.319844756612	0.0	0.818137044812	0.160115788341	1.32002663364	3.95606680023	0.401129891	1.4220551517	3.14998165754	0.0912700061551	0.0	0.258460695747	0.0	0.0	13.191887335	0.0	0.69080142227	0.931077164802	0.822143845517	0.153767907217	0.0	1.00688507822	1.47976946192	0.229448560612	0.0	1.39585974707	8.51804250772	0.0567642070472	0.449792359613	0.875044954885	0.0	0.10689085892	0.0	0.382137907639	0.193135984185	0.0	0.737219830486	0.263535976646	0.0	0.176621161262	0.755666233755	0.0578542332402	0.182072552227	0.184681382689	0.148278716245	0.0	0.0	0.129814042977	0.0422619824804	0.105039918592	0.0632778412001	0.0272624988255	0.0	0.0	0.0	0.0
4.68417546529	0.0	6.98189197267	5.47350711443	1.32310475284	0.0	0.0	0.0	0.0	0.327136186141	0.184667625076	0.484676755781	4.63774983888	0.337723712164	0.524546858467	1.21956549393	0.0124658630931	0.0	0.0	0.0	0.0	14.8972244765	0.070929960359	0.0	0.908237316787	0.0	0.0	0.400669027981	0.532342702903	1.84514664989	0.0	0.0	2.75415196711	11.2721984139	0.936698132979	0.345942596842	0.554400315454	0.484476435667	0.0	0.0	0.0	0.0	0.0553998395225	0.106521660611	0.556950716905	0.0	0.0	0.0	0.220883325683	0.164298973486	0.0	0.386596699974	0.661587576442	0.382458457619	0.0	0.0	0.271673114582	0.0	0.0	0.0	0.0	0.0	0.0	0.0
5.26355371238	0.0	11.8232976152	0.0736222040157	1.36211964922	0.339421337997	0.120836224526	0.142856910771	0.0	0.795918002867	0.226067908798	0.888360945127	3.41363536784	0.0689617069264	1.13668029003	2.44189897479	0.0	0.0	0.00822132486494	0.0	0.0	15.6682402136	0.811647993045	0.839461475671	0.666379583779	0.626876508453	0.495353640602	0.0219418412951	0.234512053524	2.6781933272	0.0116176377436	0.117280726746	1.64440147291	8.04972497212	0.535157665741	0.597623926724	0.79447500377	0.839578475599	0.164071597521	0.0	0.133127716849	0.00571184543238	0.0	0.00664280085092	0.0	0.0	0.101441536639	0.0836386977595	0.132332767345	0.342805235884	0.178092738764	0.256239589952	0.411200143164	0.377581514162	0.00725204547035	0.0619430763104	0.0	0.0	0.0	0.0	0.0	0.0	0.0	0.0	0.0
8.51043463835	0.0	9.31939650893	0.0	1.15400981536	0.548715992205	0.103895203377	0.0	1.15445201529	0.468730605003	0.253831339387	1.42262977238	5.22030876475	0.153357575463	2.25659903895	2.58822258588	0.0379274879316	0.0	0.415653413496	0.796758472521	0.0	12.4543960073	0.0	0.976608443745	1.16534861354	0.625103719984	0.381772318916	0.0	0.71364468582	2.59432758491	0.0	0.0	1.0530958315	7.7987567522	0.599175624132	0.0684934690414	0.305909951054	0.892121857262	0.083300566672	0.0	0.411931674091	0.0364779961635	0.041418887373	0.0189041129754	0.0	0.0826590467743	0.0	0.301706411727	0.0483042702713	0.0224660004054	0.0	0.189140129738	0.286296074193	0.177897691536	0.0100741723881	0.0536179294211	0.0	0.0272169436453	0.0680301491153	0.0390028257596	0.0	0.0	0.0678770291397	0.0	0.0	0.0
0.0	12.7119088559	3.38368729546	0.0	2.84751984373	2.11907580928	0.0	0.703238636712	2.10046991096	0.0	0.686589138206	0.0	2.60842366524	0.0	0.0	1.9911795208	0.0	0.0	0.828133325469	0.0	0.0	19.2184792703	0.0	1.94569322489	0.0	0.5600000196	1.91485982766	1.64816635166	0.0	0.0	0.0	0.0	4.5944910865	0.0	1.80181073784	0.0	0.0	0.0	0.0	0.0	0.0	0.429521551343	0.0	0.0	0.0	0.427792951498	0.42722010155	0.0	0.850451023459	0.0	0.0	0.0	0.0	1.09897410109	1.26305038633	0.419907722208	0.419355642258	0.0	0.0	0.0	0.0	0.0	0.0	0.0	0.0	0.0	0.0
0.287617449267	0.0	7.89846895911	1.13648356245	1.21075993386	1.37545587045	0.0	0.0	0.3631157802	0.762878106294	1.00205441421	1.44854224231	5.42795511024	0.0	3.83256692446	4.40844510275	0.0	0.0929607242102	0.0	0.0	0.0	14.90906226	0.485048573256	0.0	0.0	0.679372098442	0.0	0.452234505889	2.2488135342	1.66274215984	0.218790595766	0.866972466215	0.0	5.25874397538	0.0	0.252475062797	1.62834777309	0.0	0.0	0.0	0.447770307608	0.246825624972	0.0	0.892907656233	0.148638422774	0.0	0.0	0.0	0.0	0.88891605777	0.044636202815	2.21049554896	0.973922825041	2.46346905156	0.435830192205	0.290308208231	0.612592724152	0.144642064313	0.0	0.144593104332	0.14454482435	0.0	0.0	0.0	0.0	0.0	0.0	0.0
3.05741187711	0.0	15.2941318883	1.62148682427	1.31967380807	0.767901295644	0.0885077140757	0.0	0.245399284479	1.21370356727	0.327915726247	1.10306202468	1.9888291657	0.0	0.351989835516	1.60375381745	0.0	0.0	0.675132139926	0.155769629971	0.0	14.470064571	0.0	1.22479877155	0.0	0.62979291247	0.777395699294	0.0	1.33456401381	3.69112192108	0.0	0.422209782551	0.466223519496	6.12401455774	0.416529010364	0.288006110882	0.0	0.189860473097	0.00873064236127	0.0	0.0	0.314894731234	0.0417989740926	0.0	0.0577441902315	0.0	0.0	0.147279866703	0.11522107436	0.0	0.0	0.712466674303	2.2082975502	3.54315826412	0.587158486056	0.650865520583	0.573491650794	0.0809535911673	0.0	0.0277914856997	0.0	0.0404509895736	0.0404463665719	0.0	0.0	0.0	0.0	0.0	0.0
5.09910705156	0.0	10.5611080357	4.38244018486	1.04026280651	0.355585233861	0.0	0.429575220099	0.111325879293	0.0	0.406979924302	0.698062970161	2.55600052458	0.22984005725	1.48649872351	0.916817829473	0.0	0.0	0.0606513487189	0.0	0.0	15.3933471369	0.0	1.23127177098	0.0	0.448538916572	0.80877984957	0.222102958689	0.150159072071	2.13162560352	0.10021198136	0.126753876424	1.43727473267	5.80889991954	0.178504166798	0.0	0.476578811356	0.311780642008	0.236635655986	0.0	0.0413129423158	0.0	0.0257308052141	0.0	0.0	0.0	0.0	0.190735264523	0.324178339703	0.528919201621	0.552728297192	0.925077827933	2.16536559724	4.53038515735	1.98108363152	0.592880289724	0.498892007206	0.0223102558503	0.10075378126	0.044532031717	0.0	0.078393685419	0.0	0.0	0.0	0.0	0.0	0.0	0.0	0.0
5.72431783937	0.0	9.0853014276	1.98859627472	1.60075169915	0.0	0.0	0.0	0.0	0.75780425226	0.164556689633	0.815378148632	2.77454492521	0.151767460438	1.04857053394	0.821775248227	0.0	0.0598863662271	0.387755825571	0.0	0.0	11.6682812649	0.0	0.0	0.0372399946539	0.170170659279	1.83639358431	0.0595677892472	0.487285749301	1.58447140018	0.258493943715	0.291195831654	0.687845116666	3.42197258442	0.0	0.112098342938	0.121393662352	0.0193795907791	1.05820523333	0.0	0.0	0.0	0.0	0.0	0.0684163766898	0.0	0.0	0.493276728923	0.355538157601	0.354516467666	0.868443545287	1.80873908605	4.20076443535	8.23110048142	3.55206587622	1.45111210858	1.72764999116	0.0	0.592294742685	0.101080563632	0.0	0.0	0.0	0.0	0.0	0.0	0.0	0.0	0.0	0.0	0.0
6.58929625039	0.0	8.55396032508	2.40053049122	1.16812804439	0.0	0.0	0.0	0.0	0.204687367778	0.0574018581812	0.596707222675	1.605268861	0.0660504985099	0.729360027713	0.931370435395	0.0649493304681	0.0	0.519699619749	0.39921697517	0.0	9.38973635683	0.360025933681	0.622664663661	1.86365527082	0.271985050336	0.34604641315	0.0	0.268068250187	0.795434430226	0.0477169938132	0.318901692118	0.426375376202	1.42194965404	0.0	0.0	0.0	0.116766724437	0.0655817064921	0.0	0.0267202090153	0.0120834004591	0.0	0.0	0.0847411232198	0.0919360834934	0.0	0.462048497558	0.296499611267	0.692777546325	0.627820583857	2.48302809436	2.68134490189	9.33451235474	5.44422980688	2.34170648898	2.23630568498	0.0	1.69809846453	0.571129221703	0.845085632112	0.673812025605	0.877024833329	0.116443444425	0.201116167642	0.0	0.0	0.0	0.0	0.0	0.0	0.0
7.52585931776	0.0	10.9087511121	3.69660918253	1.00155964304	0.16172852236	0.0	0.317294386916	0.0	0.0	0.313245808359	1.0530246247	4.11373833386	0.0	0.64079742162	1.83231394696	0.0638639542389	0.03728970071	0.242391303612	0.0	0.0	12.4556935608	0.185933123734	0.0	0.00532705630144	0.216489452843	0.419292140565	0.00979791050805	0.0	1.77472426749	0.393309989825	0.0	1.18899437624	1.35217851808	0.326509173632	0.0543796516191	1.81583055284	0.33872133928	0.176484737101	0.0535561389126	0.0	0.0828462104737	0.0	0.160508692795	0.0292166335872	0.0	0.0	1.01751013736	0.376362315865	0.64012436186	0.669619271348	1.52695505579	1.7247411853	6.39873241949	3.81506624031	1.54570144911	1.39428490307	0.0	0.73016763977	0.0	0.0478965239297	0.0	0.0	0.0	0.0	0.164577711344	0.0	0.0	0.0	0.0	0.0	0.0	0.0
5.98526310782	0.0	12.0399530447	1.87074298385	1.66048669574	0.342462523492	0.0	0.0500397829666	0.56811599804	0.293834883117	0.233897818003	1.03403943326	2.41382921139	0.269584332956	0.535921544551	0.36532335307	0.131962035292	0.0	0.791844731786	0.21343828943	0.0	13.2916635692	0.208123607204	0.0	0.0	0.667839919825	0.472486497972	0.0	0.0930483789876	1.18236509541	0.210298468115	0.359335270561	0.845331954194	3.50134106706	0.135374176722	0.10181220266	0.145478880956	0.127283013332	0.0	0.0452176449462	0.090416937885	0.0437061943129	0.0	0.394372065242	0.111211686598	0.0	0.0	0.269285372831	0.207618926992	0.407128190587	0.753845715862	1.74953833306	2.84659619272	7.71635323313	3.89102523034	2.57100527725	1.42418979674	0.0149394222596	0.605955913895	0.227972635521	0.0205079985929	0.0	0.0205030405908	0.0205017825902	0.0425240438176	0.0	0.0409625691633	0.157953066183	0.184146857158	0.0	0.0	0.0	0.0	0.0
1.93031437433	0.673597404063	7.94393271353	1.610709064	1.21878868345	0.198954943185	0.161880907187	0.0	0.0	0.483325969309	0.0825765801818	0.684040414203	2.68265510485	0.134836630926	0.666965897624	1.30800127007	0.0	0.0	0.0	0.0	0.0	13.2578378734	0.0	0.127802374096	0.0	0.275446767459	0.0223174716703	0.15982515519	0.0	1.56805652258	0.179956674738	0.127849624142	1.17750114335	3.26450566984	0.160324655675	0.212993456817	0.269837512013	0.133486629616	0.200448944636	0.0	0.0	0.0	0.0272324514427	0.0223875967384	0.0272125014233	0.0	0.0	0.285012276747	0.197739192005	0.388288877029	0.87546835008	2.03711447803	3.74275113422	10.9099605936	6.34780366372	3.14587805465	3.1505655592	0.0237543980655	1.95544689874	0.608804091148	0.0469240955633	0.0379662368652	0.0469055705453	0.0468981455381	0.0200160194356	0.0289567781171	0.0	0.0	0.108142605007	0.0	0.0	0.0	0.0	0.0	0.0
2.15700279498	0.0	9.44323323154	3.22823858845	0.932482516595	0.0990956948994	0.0966264535314	0.219986681873	0.212774277877	0.884762090154	0.0	0.45128065001	1.72702495677	0.0999879353934	0.643995476774	0.324319539673	0.0	0.0	0.0	0.0	0.0	11.922430605	0.0	0.996573352102	0.0	0.236958251275	0.273480071508	0.0	0.260657344404	0.829244059405	0.0317772136046	0.0219979081868	1.07674579652	3.80713850915	0.191061065847	0.027927811472	0.251908979557	0.0553097906416	0.29947740591	0.0	0.0	0.0	0.0	0.0685565219803	0.0	0.0	0.0	1.08335780018	0.0347280672393	0.709691433169	0.531670454546	2.37409691525	3.05088489019	10.7457219532	6.22989825137	2.67660748284	3.11178372393	0.0	2.16988480211	1.59233768215	0.0748990294941	0.135384195003	0.0748201414503	0.199405110471	0.0	0.010555873848	0.0	0.0	0.0919296509291	0.230286967579	0.0	0.0	0.0	0.0	0.0	0.0
8.64294337268	0.096246165286	7.58790460512	1.39060482086	0.929913747686	0.168532236767	0.0735014396736	0.0	0.492113238158	0.0969514853977	0.138437551987	0.52896082401	2.24522795659	0.190270110219	0.780133323901	1.189973589	0.0273549473446	0.0	0.0534718884925	0.0	0.0	10.8163457179	0.0	0.577005751641	0.0	0.406814934611	0.470932074794	0.0	0.11635856848	0.816685229707	2.3113786671e-05	0.0296503177091	0.880510539847	4.52726961903	0.192474620569	0.121632299318	0.312984259708	0.0	0.161975685725	0.0	0.0	0.0	0.0222077275271	0.0	0.0	0.0	0.00983436456187	1.15280568309	0.0522602933001	0.723967974981	0.42714986784	2.21113235117	3.31480432646	10.1869476179	5.08759100801	2.94456516766	2.48424369455	0.036632755818	1.51119454001	0.27408462353	0.0	0.108275107196	0.0180404098652	0.0	0.158370545153	0.0185796409509	0.0179778858552	0.017976345855	0.0991236557426	0.0114945618256	0.818556330007	0.106939926985	0.785977624832	0.336061933373	0.0	0.0	0.0
3.9610513688	0.0	7.34551882569	0.653971626929	0.803306555914	0.000692898314484	0.0137758946738	0.168947252791	0.0	0.301195498459	0.0104672900316	0.778455751091	1.76235574205	0.0	1.13874562102	0.754361546414	0.0164362411901	0.00369578111731	0.594349975357	0.0	0.0	10.6780460725	0.0	0.272780872944	0.263904471221	0.20485533976	0.0	0.0	0.189334896748	0.80739375671	0.127192284687	0.182318795386	0.677957411584	3.20682242241	0.156612330397	0.0460125989306	0.312452460644	0.291798056635	0.0954408185242	0.0181535675234	0.0	0.0272113192815	0.0181445975217	0.113098461952	0.0541930845183	0.0	0.0	1.1149088164	0.370098371833	0.578561212293	0.816753758527	3.03340498875	4.55967808499	13.3668625944	6.32072342679	3.64002670649	3.44246046815	0.0815856758348	1.81075475145	1.36852586561	0.0193401037538	0.142662807689	0.0326637543397	0.00435224484472	0.158290110723	0.0	0.0	0.00587190353968	0.0191933857253	0.0868101168488	0.217060002129	0.0256590409801	0.010747778086	0.721952540124	0.0	0.0	0.0	0.0
2.3054896905	0.0	5.93416680686	1.84721837373	0.736533148381	0.2708239781	0.0	0.164739567922	0.0	0.501559387238	0.0418979858178	1.09411891752	3.26537174452	0.102551528507	1.54235722953	1.73324501982	0.0490640002073	0.0	0.113581513724	0.166583428794	0.0	9.1296393183	0.226026216911	0.492806183097	0.425460231243	0.239144173115	0.142856557571	0.0723405712171	0.2416500543	1.04362999364	0.0866377609797	0.0465424770146	0.854883104361	4.05444781776	0.162589186905	0.0381315800363	0.274192539693	0.0	0.103554828982	0.00873013612933	0.0430107013441	0.0375096917421	0.0	0.0	0.0394275756492	0.0333109977561	0.0	1.14496334157	0.355401418105	0.858604006123	0.211250839922	2.93481188816	4.47831461824	13.8468105496	7.01999862046	4.43645249845	2.66345465981	0.0	1.7693480369	0.50350910816	0.00353226547076	0.0974275860831	0.00349376085255	0.0	0.111022702514	0.0	0.0224540226208	0.111973862964	0.00709696835687	0.0	0.290107887221	0.0841516298034	0.229635728618	0.150359981121	0.0	0.0	0.0	0.0	0.0
2.28169498647	0.0	5.31520563898	1.59147929306	1.21475146041	0.214374304775	0.0	0.0	0.0	0.328636654019	0.117075947995	2.75420677658	10.5848752982	0.51879896955	2.5781188548	3.03998264964	0.11614234841	0.0	0.00185395917647	0.0	0.0	5.61786150454	0.0	0.335171051117	0.433051007638	0.417592614506	0.465912593042	0.0135393539858	0.596947734836	2.05079908903	0.144015936028	0.134207940385	1.09938351166	3.4617264623	0.213238305279	0.119506346915	0.368093436493	0.488977382796	0.732122874791	0.0129061542671	0.0440686204247	0.103998353804	0.0	0.0	0.0	0.0	0.0	0.69468769142	0.170588724225	0.628174920965	0.0	2.09263107046	3.59475840321	9.81119564184	5.95932535286	5.01309377318	0.852207621448	0.0	2.63030283162	0.371058235176	0.00517365370186	0.0	0.0105365553197	0.0704451687082	0.144950335613	0.0	0.0	0.0	0.0	0.0	0.141458337164	0.0955135575728	0.0917575592416	0.111823150328	0.0	0.0	0.0	0.0	0.0	0.0
2.7406032265	0.0	4.91228662295	0.754291612431	1.2256841802	0.21662482952	0.0	0.0	0.0	0.232741403205	0.242795125503	2.04388966723	7.04237650989	0.222624500892	2.09736587946	2.11393038325	0.131619360088	0.0	0.0665053082031	0.339417617591	0.0	5.65985199385	0.0788561100265	0.347008939327	0.558627967702	0.366154103703	0.0	0.0	0.326750834695	1.42268432522	0.0899132605546	0.0408304083338	1.08302694758	3.56126301411	0.121547817785	0.0885046702322	0.229802722533	0.327355904833	0.732375437421	0.012720809908	0.0508727906295	0.0	0.0	0.0	0.0637653205768	0.0	0.0	0.419595485919	0.235244303777	0.78009659833	0.161655786955	3.06747070123	4.61526765505	14.3888432893	8.21461687782	6.20026791738	0.0	0.052896009092	2.72433842278	0.275953293083	0.0	0.0	0.00362324422827	0.0	0.11588186649	0.0	0.0210700488166	0.0	0.0	0.0	0.0818173087037	0.0584664613654	0.0382251237383	0.0	0.0	0.0	0.0	0.0	0.0	0.0	0.0
2.30879999174	0.0	5.18981233188	1.04757450551	0.777376329881	0.0	0.0152944746204	0.0	0.0	0.868929321624	0.331571070092	2.41470298219	7.90747248675	0.434383480819	2.10184021042	2.7206121546	0.065665430077	0.0	0.367700266833	0.0618138904244	0.0	4.81888536533	0.0	0.0	0.230553639204	0.447510859635	0.412963442751	0.0467916557794	0.752160512155	1.21523169038	0.11397670972	0.234074718887	0.859146722502	3.19199731208	0.155137426007	0.104478650576	0.30509901248	0.358690927646	0.834292524749	0.0488570715931	0.0431129721112	0.0855440322838	0.0237227618602	0.091105271782	0.125185288709	0.0	0.0	0.748291752504	0.229835319269	0.696124997209	0.0	2.71374055522	4.51037679317	13.2981848005	7.39823613268	6.44996361821	0.0	0.0320375611102	3.65163187062	0.113463389766	0.0	0.0	0.0024357441803	0.0	0.322455130915	0.0	0.0	0.0	0.0	0.0	0.0217731300361	0.0508929674095	0.154055026104	0.0	0.494433715402	0.0	0.0	0.0	0.0	0.0	0.0	0.0
0.0	3.13626110293	8.94116987674	0.0	0.453217090306	0.0	0.0	0.416240611495	0.0	0.529345476685	0.658886822458	0.620669494357	2.12685718131	0.0	0.778196764093	0.0	0.0	0.0	0.0	0.0	0.0	8.72288000182	0.0	0.013567172226	0.175969859169	0.180572206532	1.0987782704	0.354169097061	0.44425890544	0.658763152528	0.0	0.0	0.0	2.96846009907	0.164637045663	0.0	0.567023305096	0.236670214388	0.0	0.162634256811	0.0	0.0	0.0	0.0	0.0	0.0	0.0	0.973589442132	0.230688407816	0.0	0.0	4.23172767522	4.66202432866	18.7720992436	8.64552404614	4.78645785736	0.0	0.1945892385	1.39693899956	0.397272632363	0.0	0.203831283205	0.185264193844	0.0	0.21862187473	0.199794995517	0.0	0.218609424736	0.546640176775	0.286208736003	0.0	0.123219239395	0.0	0.0	0.553902672614	0.0793166635515	0.0	0.971580843286	1.71287001852	0.0	0.0	0.0	0.0
3.88920110531	0.0	4.39100044792	0.0	0.644663223213	0.00137413959053	0.0	0.0	0.0	0.0	0.0701537959377	0.769693058747	2.13167700582	0.203017137697	0.603793851599	1.13035472125	0.0665679189186	0.0	0.0602738811299	0.0	0.0	5.39863113429	0.0	0.056414416033	0.163532926476	0.233502426362	0.0	0.172268928959	0.0	0.88653625195	0.0	0.209017259403	0.771965259393	2.50997951334	0.109060590995	0.212357940352	0.301616365719	0.105466229974	0.298630164871	0.0	0.0	0.0476942055547	0.0	0.214384020928	0.318171090424	0.0	0.0	2.34135786541	0.151594843084	0.630095939073	1.73368489271	4.02985074528	7.68532178417	19.8069536292	9.81775479023	5.88749447323	0.963303873773	0.120156994149	2.06320018636	0.361127862633	0.0	0.09532154709	0.0	0.0509728944865	0.531047310924	0.25728367312	0.051798110721	0.176167370067	0.136703318851	0.169861488275	0.356523821324	0.0843377039686	0.183138532048	0.0	0.210211739742	0.0	0.0	0.0688696035728	0.0648659944349	0.0	0.0	0.0	0.0	0.0
5.56512831635	0.0	4.86511083945	1.70883994361	0.741278175538	0.207720443146	0.0	0.110171896365	0.321162289401	0.417043986238	0.0	0.165682844533	2.030148433	0.0516294232963	0.983160967555	0.982302467581	0.115684146183	0.0	0.0	0.0	0.0	10.1629396646	0.0	0.0658817978259	0.109223296396	0.514048533037	0.346822938555	0.0	1.03964346569	1.19520196056	0.175371994212	0.382969187362	0.838377922333	4.26079485939	0.437457585564	0.131040245676	0.0316945439541	0.0	0.0	0.0	0.0	0.0	0.0430643135789	0.0	0.0429495635826	0.0	0.0	2.71962591025	0.215508142888	1.11746096313	0.0768993274623	3.21597489387	4.40649335458	13.1107395673	7.55345675074	6.0211533013	0.0	0.124976345876	3.29606189123	0.0	0.132495445628	0.210285743061	0.0917736469715	0.0	0.0630538479192	0.406284686593	0.115836296178	0.36118708808	0.386506887245	0.177963644127	1.15950196173	0.226865842513	0.186858043834	0.0	0.326284389232	0.0870348971278	0.42910803584	0.446794835256	0.262035441353	0.0292327740353	0.0	0.0	0.0	0.0	0.0
7.59381868079	0.0	4.88747555306	2.87243496013	1.06546280777	0.0	0.0577611372634	0.0	0.0	0.281318954857	0.0568539230865	0.230289124907	2.18482182604	0.311344140712	1.1789828299	0.340987486493	0.0	0.0	0.27871831435	0.0	0.0	10.9174441289	0.0	0.0	0.0	0.860172167734	0.0	0.0	0.0411879880316	1.20552243508	0.127559524874	0.0	1.35476686418	4.88046655169	0.302425078973	0.0	0.545838666439	0.0	0.527115602787	0.0	0.0458589069425	0.0795643775151	0.0	0.0	0.0457265529167	0.0215254601975	0.0	3.25861803543	0.908271977117	0.395812497183	0.0	1.77160034546	3.19834062368	10.9953601441	7.1405211924	6.29872722825	0.0	0.0	3.77196073553	0.819585319819	0.105456660564	0.0	0.105211560516	0.013882208707	0.0	0.0796985375412	0.0293241997182	0.0	0.219271662758	0.408463099651	1.47818548825	0.532802783897	0.29866687824	0.06528209673	0.298942078293	0.0415974341115	0.55364144796	0.380981794291	0.309836560418	0.22451336378	0.0	0.0	0.0	0.0	0.0	0.0
0.0	0.0	8.88487154471	4.70405337059	0.786287424212	0.0993826713502	0.0517546268726	0.0	0.0	0.0	0.110237657129	0.524296596101	2.25165482433	0.0	0.637034632257	0.615472560643	0.0525869555489	0.0	0.0	0.124329911648	0.0	10.3309849823	0.0	0.106572348554	0.0	0.601601286037	0.825639248909	0.0	0.204505600468	1.02969679955	0.0	0.187022957267	0.971676522115	1.76519451352	0.0710037173866	0.0	0.0	0.0	0.205354720137	0.0	0.0809524245176	0.0350327983757	0.0	0.0	0.0	0.0	0.0	3.68078586855	0.148970912065	0.400655724185	0.200828111898	3.59485600196	4.36731130155	13.5205777418	7.35297614043	7.42739591149	0.902015649207	0.0	3.94424786609	0.0	0.0	0.0	0.00384190980588	0.0	0.474368185518	0.808943085402	0.139577525718	0.245522604517	0.284473359368	0.494412107723	1.97011423383	0.365446837878	0.559692532336	0.195807343851	0.294186035591	0.013905900592	0.0570092508291	0.148398452288	0.0568765758807	0.0896021351539	0.0	0.0	0.0	0.0	0.0	0.0	0.0
0.15210535314	0.133416793983	10.7440955155	3.3014518511	1.308313541	0.131173674084	0.115935594771	0.0381883022777	0.406805501653	0.0	0.18136975182	0.660210290224	1.61949912696	0.28690198706	0.754055245992	1.72867192204	0.0	0.0307236146144	0.312572465903	0.0	0.0	16.1152632732	0.0	0.00772419085164	0.0	0.196283991147	0.366921263452	0.0	0.633304291438	1.43356393535	0.00158204632865	0.143220873541	1.13957354861	5.19851176555	0.251258468668	0.0630465411566	0.656867170376	0.234897509407	0.843479961959	0.0	0.0	0.00537569095756	0.0	0.0	0.201886070895	0.0	0.0	6.6186469015	0.466184378975	0.409436701534	0.0	1.33179193994	1.99261031013	3.35491184869	4.02001581869	4.24800620842	0.0	0.050045069743	5.06332617164	0.0	0.0	0.0	0.0	0.0	0.0	0.0	0.24989006873	0.0	1.01390075428	1.3637799385	3.9577646215	1.23763194418	1.39932313689	0.794366284174	0.458485259323	0.214272950337	0.0642696531015	0.110811355002	0.0407840381606	0.0504450297249	0.0271333907763	0.0406619821662	0.0232531189513	0.0	0.0	0.0	0.0	0.0
0.0	0.0	11.6652337445	2.01787094773	1.51760178715	0.0	0.0	0.0	0.0	0.0	0.0383176273	0.523887098168	2.35021485442	0.0	1.24023319811	2.02172464897	0.0942020802386	0.127877911049	0.275242378353	0.0	0.0	12.7193500829	0.0	0.496985949532	0.0	0.718292530572	0.821326083646	0.0847703912113	0.390795565446	2.11594897922	0.186575209891	0.368260758212	0.985728716422	4.62252798383	0.321628303243	0.0535385901859	1.07012744351	0.293390374178	0.565174211421	0.0	0.0697771793985	0.0	0.0	0.128014081092	0.0863335877131	0.0	0.0	4.88837996917	0.35221227306	0.287770022374	0.0	0.398538567931	0.608437125309	3.4492139072	4.12352262365	7.82022781029	0.0	0.0	5.80843556451	0.0	0.0	0.0467149579955	0.0161842991952	0.0	0.249334470036	0.566395291813	0.0	0.289342652879	0.523284567974	0.845990661563	4.96411899348	0.911200092498	1.58703960944	1.80395937907	0.43292728897	0.129847481681	0.360586285748	0.267812655968	0.138441324439	0.0128166271141	0.125433080264	0.0	0.0	0.0208801187025	0.0	0.0	0.0	0.0	0.0
0.0	0.0	9.38088333963	2.92709804205	0.699704349095	0.0	0.235079183688	0.0	1.7688336297	0.0	0.0	0.701378349691	1.13263240322	0.138102349164	1.7727576311	0.498124077332	0.0	0.0	0.0	0.0	0.0	17.6576462861	0.0	0.0979479348696	0.0	0.559739899267	0.426890851973	0.119964642708	0.163082758057	1.99948571182	0.0	0.310629710584	1.13228140309	4.71799967961	0.0	0.194064369087	1.01337336076	0.382143736043	0.800044484816	0.0	0.0	0.0	0.0	0.208224074128	0.145957551961	0.417404848596	0.0	6.0938391694	1.0098363595	0.58359800776	0.0	0.0634583925912	1.11218439594	3.35766719533	1.485963529	6.51841432056	0.0	0.0	6.54246232912	0.0	0.0861160806573	0.113895940547	0.0	0.0	0.298956706429	0.0	0.117519341837	0.0127064745235	0.360521228345	0.66168563556	5.21830985772	1.59989456956	1.66480259267	1.84767365777	0.365627830163	0.0	0.236466084182	0.363588429437	0.253747890334	0.0	0.162962158015	0.198081970517	0.0	0.0	0.0166848359398	0.0518603584623	0.0	0.0	0.0	0.0
0.0	0.0	7.65653223765	3.27456285763	1.75827505312	0.0995531099927	0.0	0.0	0.0	0.344502409186	0.133660826843	0.0	2.63763552971	0.0661335352815	0.933869487551	0.995703999963	0.0	0.0	0.0	0.20201276057	0.0	14.58939593	0.00495932809598	0.211090012393	0.0	0.637072017942	1.08323691754	0.0	0.0	2.09492962072	0.0	0.0	1.27715795649	4.95121089435	0.468569104102	0.186901297535	0.96109669302	0.738559788325	0.535903657625	0.0	0.0473771575147	0.173976564939	0.0	0.0	0.0789245888504	0.0	0.0	6.64062623363	0.685547727678	0.330303676334	0.0	0.0	1.52967390721	3.38201567921	4.04716211278	7.18558894308	0.0	0.0	7.18810054358	0.0	6.36154737759e-05	0.0	0.0	0.0	0.0	0.7135429733	0.0746973650014	0.165286063194	1.49592200043	0.815524873781	4.60275362437	0.811701963013	1.8070146629	1.89574878073	0.572788695032	0.0855644961838	0.0	0.1254762852	0.285063017249	0.125712885247	0.291316538505	0.0	0.0	0.0	0.0	0.0	0.0	0.0	0.0	0.0	0.0
1.13578599966	0.0	7.71007839769	2.97162759911	0.6667166398	0.0327007559902	0.00434603399869	0.0108506639968	0.378551479887	0.0	0.00217193599935	0.662388039801	2.08813319937	0.309570799907	1.14799439966	1.3329787996	0.00110932679967	0.00554070919833	0.0	0.388922639883	0.0	14.7880799956	0.0	0.0	0.338236159899	0.488575199854	0.0586632479824	0.0865626159741	0.148157719956	1.3245515996	0.0486204359854	0.0314616079905	1.57604279953	3.83372279885	0.469383999859	0.0	0.980968399706	0.451184559865	0.842906759747	0.0	0.109431239967	0.00773304159768	0.0273163639918	0.16643811995	0.0371096719889	0.0	0.0	6.3608707981	1.10940039967	0.73399991978	0.0	0.576598039827	1.08099079968	2.3352359993	4.12282359877	6.652483198	0.0	0.023160539993	6.68533639799	0.0307622239908	0.171655439948	0.0853145439744	0.0	0.0	0.0	0.0	0.126504599962	0.0	1.9930971994	1.72013319948	5.07430599848	1.88864039943	1.9987459994	2.62366519921	0.888467919733	0.422737239873	0.13503667996	0.13151859996	0.0319436879904	0.13139531996	0.115009199965	0.06647220798	0.0	0.0	0.0190808919943	0.0	0.0	0.0	0.0	0.0	0.0	0.0
7.50626324312	0.0	6.76251426949	0.751178744367	1.02520420149	0.203385440135	0.152592555107	0.0	0.12029923191	0.0	0.147404084593	0.887585577871	2.71712546899	0.0	1.12818311169	1.57898205632	0.0473852716911	0.0	0.361438025783	0.0	0.0	14.1077293967	0.0	1.05359710431	0.0	0.558638035305	0.588533818264	0.1798015678	0.64061196342	2.03343590131	0.032938557261	0.270845786814	2.19063381688	4.23349061911	0.401082069707	0.0702274689525	0.383370217953	0.100974759997	0.567329816165	0.0694470128752	0.0286325638346	0.149039024754	0.0692990498606	0.0	0.0	0.0	0.0	6.11834970572	0.733548732621	0.346349704288	0.0	0.0	1.19668691847	1.555546054	2.99963159697	5.69812916412	0.0	0.0	6.35127752877	0.892434598351	0.121851402063	0.0	0.0	0.0	0.0	0.0	0.0611068650496	0.0	1.26401892514	1.32602203128	3.83457637963	1.02697120167	1.93306099138	2.84620018177	1.67931976626	0.145167434371	0.523390101816	0.43241935281	0.0761543595393	0.0	0.611021220491	0.0466041646138	0.0	0.0152437245091	0.0	0.0	0.0457180605261	0.0	0.0	0.0	0.0	0.0	0.0
4.48963625963	0.0	8.88169114405	2.32648060908	1.31980666477	0.0	0.0509950810473	0.0	0.620783362321	0.656579493229	0.111381511709	0.0	2.69558091532	0.0	0.881340956139	1.08238152508	0.0	0.0	0.0	0.0679439347423	0.0	13.5347745621	0.0	0.0	0.367698766604	0.572759714519	0.88287409575	0.0	0.0	1.82838413559	0.0610130345027	0.438519288616	0.68027688721	4.71935340128	0.0906975689629	0.278729669203	0.0405815756922	0.269688751499	0.466852761419	0.0316319319654	0.116866410316	0.0	0.0	0.0	0.271231291107	0.0	0.0	5.90417610034	0.0	0.456152744137	0.0	0.631520039594	1.53935300901	3.45975372122	4.28800631085	7.96041617805	0.0	0.205358927838	4.34978309515	0.816241272675	0.0	0.0	0.0	0.0	0.0	0.0	0.12212664898	0.406425816768	2.34012940561	1.56939540137	3.52405910489	1.34168045921	1.42472003812	1.94908010493	1.75262015483	0.573300214382	0.540991482588	0.379049263721	0.0	0.0589119470363	0.570213255166	0.0	0.0	0.0	0.0	0.0	0.0	0.0	0.0	0.0	0.0	0.0	0.0	0.0
2.85283035012	0.0	8.32281510407	3.74471864696	0.715754536952	0.33616977342	0.00460918045003	0.0	0.563275771685	0.700495640428	0.185979557634	0.160408413459	2.51164742784	0.0	1.00080577202	0.946921784291	0.0593373664829	0.0	0.201042754202	0.155962414472	0.0	11.6777773398	0.0	0.970586278897	0.0	0.0	0.455541996228	0.0	0.277686836743	2.13288251413	0.0892208446755	0.64165930383	0.429800802091	5.0114103584	0.335885723485	0.165959262195	1.55567214562	0.254446992037	1.04816326123	0.0	0.0	0.0	0.0	0.372668765106	0.0698910090789	0.0	0.0	4.51551047137	0.583659917042	0.546957625403	0.0	0.0	0.848605356687	3.60559117865	4.1650840512	7.06307739103	0.0	0.0	4.51336347185	0.492477987814	0.11892287291	0.034740827086	0.145141916936	0.0	0.0	0.00559554622534	0.00424741103244	2.12228051655	2.41268595039	1.77776309502	5.0122558582	1.76451059805	0.972277278517	2.33810146738	1.64824962453	0.314392928381	0.298927881904	0.626297807329	0.223262299141	0.235921996257	0.405300307672	0.142131367622	0.0391126310901	0.0	0.0	0.0195512805462	0.0	0.0128889320639	0.0	0.0	0.0390842260966	0.0	0.0	0.0	0.0
2.25598169269	0.0	7.02156757843	2.31785371717	0.681903629829	0.301472759292	0.0	0.0	0.27871979029	0.949881975868	0.125242609558	0.598791596941	2.61722983564	0.0916424042629	0.787078391447	1.60737663604	0.0	0.0579989029501	0.202254800032	0.0828955528018	0.0	12.2262768379	0.0928413487373	0.331571651203	0.0	0.484300031637	0.14238053634	0.0810288320631	0.0	1.52887740497	0.0	0.114044205128	1.40128375449	5.10246921904	0.0850125456395	0.0586337512014	0.443270575403	0.184127112859	0.514156043452	0.0568148384817	0.0189243914884	0.110705323806	0.0	0.0	0.155857981673	0.0	0.0	5.63810143099	0.794224634274	0.709472920739	0.0	0.813706881984	1.65343745427	4.00991198673	4.58401141389	6.96810515728	0.0	0.0	6.05243759495	0.712658201999	0.11367268498	0.0219095126696	0.0	0.0	0.0	0.394528476115	0.104831081482	1.53099900582	3.49764618402	1.84347912947	3.95239836396	1.536519008	1.65508865492	1.89176714857	1.7217702813	0.375945748762	0.58145207008	0.435891052482	0.0985440389942	0.208318162431	0.866948503051	0.111520364128	0.00115521645712	0.0	0.0	0.00907937639271	0.0	0.0	0.0	0.0	0.0	0.0	0.0	0.0	0.0	0.0
0.0	0.0	6.50571156726	0.972027175578	1.20171344618	0.205186013736	0.0	0.0	0.133665982891	0.897530215116	0.101056527065	0.85250282088	2.75106514786	0.0	1.42926571706	1.5289138043	0.0	0.0	0.216816312247	0.0	0.0	12.7664593659	0.0	0.359068734039	0.0	0.118834684789	0.490085647269	0.0268660865612	0.291843862644	1.50789390699	0.604095552675	0.238623849456	1.64088088997	4.30904014844	0.382720241012	0.0	0.716278948317	0.323412508603	0.248977628131	0.0350070045191	0.0350010875199	0.169875108256	0.0	0.673836603749	0.248467408197	0.0	0.0	8.62722739571	1.16230235122	0.967159716204	0.0	0.431762464734	1.03501896752	3.25429138345	3.65842243172	7.19620597889	0.0	0.0	5.57542348634	1.27155343724	0.0919960492245	0.0	0.0	0.0	0.0	0.0	0.0	0.0	4.33380424528	2.74644794845	3.61665423707	1.18558234824	1.39162972187	2.04880463775	1.39086342197	0.478898638701	1.18071294886	0.632450589047	0.17710548733	0.271884175199	1.4992221081	0.560030398316	0.0646607737234	0.0	0.154245500257	0.0	0.0129151603468	0.0	0.0	0.0	0.0	0.0	0.0	0.0	0.0	0.0	0.0
0.0	0.0	7.8182690509	1.59500011204	1.18694742754	0.351471365046	0.0	0.199018538755	0.0	0.0	0.0738119854618	0.365966555152	2.34513183502	0.0	0.433399422166	1.44970521073	0.0228351919207	0.0	0.062332159458	0.08023520394	0.0	12.8213489391	0.0	0.740386596197	0.0	0.466935045547	0.616819290047	0.0	0.15312706676	1.51538485653	0.121174144483	0.476333252099	1.93839235145	5.43925859225	0.188665811538	0.0638559625204	0.774079019688	0.385508748777	0.390415612198	0.0645085449753	0.0322344764738	0.193927435207	0.0364932654432	0.0	0.0750130742991	0.0220598153801	0.0	7.81513304871	0.741141196724	0.596353935778	0.0	0.249689474083	1.3542727442	2.0633914386	3.97011996797	6.87647859428	0.0	0.0	6.16487069815	0.167375296694	0.132488252371	0.0	0.0	0.0	0.0	0.0	0.0	0.0	5.23777045177	3.71591759074	3.98241897655	1.43715140198	1.70752379048	2.32866782355	2.11721307613	0.659399339734	1.03403792093	0.46659498531	0.11157601779	0.177114543484	1.57679169933	0.597285916427	0.0607437743506	0.0159387311125	0.082951863834	0.00164764574874	0.0101544730797	0.00878067872189	0.0216749691118	0.0115226520335	0.00576107121662	0.0	0.0	0.0	0.0	0.0	0.0	0.0
4.85492073596	0.0	7.00854708499	0.0	0.787661874506	0.127781288843	0.0125602298691	0.0644188094578	0.0	0.0	0.0191603623259	0.454705051465	2.06315024277	0.0	1.15738928009	1.07689237452	0.108330757496	0.0	0.15592798079	0.276306049121	0.0	12.1056218377	0.0	0.0	0.0	0.284434939683	0.794748294996	0.0544527757681	0.0455400031514	1.09798927598	0.0033829292341	0.541686457484	2.0419048413	3.63979465188	0.282108439522	0.240413596637	0.518196725859	0.509430275253	0.856577759275	0.0	0.0385612946684	0.191325433239	0.0	0.0703823718705	0.0	0.0	0.0	8.24322567043	0.758489542488	0.197784193687	0.0	0.10954152758	1.08886147535	2.22293625383	3.67551385434	7.53531622144	0.0	0.0	5.28490746572	0.987451808332	0.221079885298	0.0	0.0	0.0	0.0	0.0	0.0277574239208	0.0	6.37819424137	2.94890330407	4.67855222376	2.14533014846	1.60600781114	2.615698981	2.08906844456	0.534646566997	0.8482736387	0.776233313715	0.109813777599	0.0385681256689	1.56431890825	0.448389841029	0.0494060524189	0.0130081059002	0.0	0.0	0.0077326727351	0.111633397725	0.0	0.0	0.0	0.0956431146185	0.0774988883629	0.0259090937929	0.0	0.0	0.0	0.0	0.0
0.0	0.0	9.00382106875	0.0	0.874163103763	0.170437020231	0.037396704439	0.0460105054614	0.0	0.0487174057828	0.146092017341	0.481373057139	1.51889018029	0.0624413074118	0.988890117381	1.01249012018	0.00441221052373	0.0	0.230965027416	0.0	0.0	14.8813017664	0.0	0.0	0.0	0.577464068545	0.329248039082	0.0257966030621	0.238952028364	1.21838014462	0.130126015446	0.452717053738	1.78915021237	5.81304069001	0.0886959105282	0.208312024727	0.373569044343	0.303415036015	0.648167076937	0.0547703065012	0.0	0.143703017058	0.0	0.0	0.0864930102667	0.0	0.0	8.660491028	1.03983012343	0.256703030471	0.0	0.154483018337	0.822436097623	0.867081102923	2.96108035148	7.31669086849	0.0	0.00414680049223	7.03158083465	0.711303084432	0.108429012871	0.0	0.0	0.0	0.0	0.0	0.0905592107494	0.0	5.11415060705	3.47088041199	4.66113055328	1.76715020976	2.06158024471	3.00479035667	2.38353028293	0.637461075667	0.942572111883	0.722685085783	0.232644027615	0.260473030918	1.7119102032	0.557242066145	0.0518444061539	0.0777411092279	0.0421831050071	0.0	0.0	0.0303913036074	0.0235653027972	0.0	0.0064650207674	0.0481896057201	0.110851013158	0.0315003037391	0.0348521041369	0.0	0.0	0.0	0.0	0.0
3.56682567426	0.0	5.51742888831	0.71223797467	1.05512696987	0.102516026505	0.0759712022314	0.0654725535411	0.0	0.0	0.13334830147	0.746995110266	1.78903348803	0.0667181867417	1.2944162084	2.20035605426	0.0	0.0665079047078	0.023086684717	0.0	0.0	11.8986099157	0.0	0.0	0.588032194673	0.554483019272	0.0	0.0	0.53366085592	1.46016733509	0.243474679199	0.0	1.71777797656	4.50147982474	0.344560545474	0.120839449456	0.470479285747	0.424446508336	0.187051020115	0.0867068979598	0.0	0.199726522156	0.0864332889158	0.0	0.0	0.0	0.0	8.26480103063	0.70845047406	0.670362357929	0.0	0.196036991561	0.763032902848	2.41627388902	3.85110032003	7.44724629901	0.0	0.0	5.65975811122	0.285713895999	0.125739970244	0.0	0.0	0.0	0.0	0.0	0.0892075573624	0.0	5.75833412709	3.30469023206	5.29585505263	1.60038565766	1.63582656337	3.83903081808	2.28109546726	0.551261118753	0.936844840832	0.71453572504	0.247557099857	0.176495508415	1.94186671265	0.609153318074	0.092615196911	0.105787417032	0.2788782149	0.0100762565223	0.0527406934913	0.0527251394887	0.0464629364806	0.0131730281209	0.0	0.0200927412349	0.0	0.0100452697173	0.0	0.0269918503457	0.0857846668113	0.0	0.0	0.0	0.0
1.74870790599	0.0	7.78604540044	1.61902514262	1.3564772168	0.0569433199135	0.0	0.0	0.488431962018	0.0	0.0	0.363767597236	2.43236271286	0.0	0.596652911446	1.84461847889	0.0	0.0	0.70842345987	0.0	0.0	13.0896563022	0.256976687405	0.200795103276	0.0	0.591668172854	0.89858506615	0.107331509678	0.58492189476	1.67020872817	0.0345394342426	0.460772629832	1.03898190648	3.80299752565	0.403026366146	0.294829896711	0.485391342877	0.97185878545	0.0894028727437	0.0519388953273	0.0	0.45352349188	0.0	0.0	0.204633362191	0.0	0.0	9.84075321999	0.827978646096	1.45576398875	0.0	0.978811103486	1.86537547303	1.60343954703	3.57669018959	7.46076749233	0.0	0.303164314356	5.75635817382	0.0	0.0557076922626	0.0	0.0	0.0	0.0	0.0	0.0	0.0	4.85692242792	3.32202686153	3.63549317297	1.30343723178	1.46928918492	2.43244431284	1.63887433702	0.36930925567	0.994288579113	0.385503791096	0.0	0.265819064907	1.27138884084	0.492802660783	0.0653409775412	0.0214185659493	0.47709772522	0.0	0.0325353388088	0.0	0.0487877082175	0.0650298776291	0.0	0.0268408844174	0.124278804892	0.0487045782409	0.00487228362358	0.196818124399	0.0	0.0323694868556	0.0	0.0	0.0	0.0
2.31211301214	0.0	7.84094680204	0.0	0.667587264632	0.126417045196	0.0	0.0	0.833411078331	0.0	0.0	0.753096831382	3.5052958668	0.0	0.561531258661	1.55934784074	0.0	0.0154106534144	0.191701532716	0.199046462437	0.0	12.973055507	0.24580228066	0.740438131863	0.816278058982	0.701069473359	0.913397785291	0.0	0.0710691732993	1.88598142833	0.336208467224	0.446234093043	1.7420904338	2.17684311728	0.366769596063	0.05052798708	0.431491703603	0.159319363946	0.614623636645	0.0	0.123070575324	0.0	0.0	0.0	0.218493891697	0.0	0.0	8.16495388973	0.553181048979	0.494442211211	0.0	0.0	1.01930547127	0.0928473894718	3.31723847395	7.49254931529	0.0	0.0	5.59110758754	0.0	0.0	0.0	0.0	0.0	0.0	0.0	0.0	0.0	6.2313761632	4.46566783031	4.91116341337	1.91113402737	1.55922424075	2.97447508697	1.94871872595	0.440207563272	1.33608504923	1.29102255094	0.344941836892	0.334952897272	2.40212470872	0.787285620084	0.0666689104666	0.205475722192	0.569184158371	0.0	0.0642557235583	0.100225897191	0.030106383856	0.0	0.0	0.0	0.0391780055112	0.031999832784	0.0789558829997	0.118842425484	0.118460295499	0.0	0.185994302932	0.147977004377	0.0	0.0	0.0
1.39155089191	0.0	8.43750773193	1.14235654708	1.35510929998	0.0	0.116660934172	0.0	0.0	0.0247128905286	0.230900748879	0.36634719889	2.90445935696	0.00462670937564	0.950652349526	1.06558376408	0.0	0.0	0.113670934833	0.0	0.0	12.0528693315	0.0	0.85718341022	0.0	0.442935901934	0.777725347811	0.0	0.371153037826	1.11420375331	0.0828942216472	0.101519265524	1.29213731392	5.26209723497	0.346099443374	0.150432846694	0.168910522604	0.764655670706	0.795290943923	0.197157956349	0.0788043185528	0.254643943622	0.0392887993014	0.0	0.0839351574168	0.0	0.0	10.6161096496	0.856677970331	0.0217326671883	0.0	0.229098429277	1.35306050043	1.05134616723	3.20062009139	5.76139072443	0.0	0.0281324097714	5.89465629492	0.0	0.207728514009	0.0	0.0	0.0	0.0	0.0	0.0	0.0	5.7506683268	4.00062951426	4.15480948012	1.62320044063	1.72005561918	3.02540093018	2.48590104962	0.766346710331	1.38679809296	0.865286048426	0.241510826529	0.237118907502	1.8812243835	1.33097090533	0.124009572544	0.112663175057	0.252640904066	0.0337115925362	0.0449391180505	0.118618213738	0.040461087042	0.0112125495175	0.0	0.0233445628315	0.160610284441	0.0223823550445	0.172999801698	0.100368817778	0.0876632445913	0.00964279466509	0.00814201259736	0.0734428077398	0.574594672785	0.0	0.0	0.0
0.0	0.288083142257	7.43568771905	0.0	0.897185814453	0.118438905704	0.366835212804	0.0	1.31151250949	0.0	0.339989872844	0.0	2.66749250235	0.0	1.3638969899	0.833733288184	0.080818364774	0.0	0.0991175479301	0.42345119163	0.0	14.4723545874	0.0	0.0	0.0	0.59948992579	0.556118642012	0.197795776024	0.698763188662	1.33620850026	0.0	0.300718837531	1.5687099133	4.59124928287	0.411306896171	0.0	1.13471357562	0.910137559609	0.363550814032	0.0586251530742	0.0	0.223345416468	0.0530171051716	0.0	0.332692375573	0.0776460009604	0.0	8.77291471893	0.478461721055	0.0	0.0	0.0929290602446	0.937567749349	3.37557023753	4.23442791633	6.60450802992	0.0	0.0	6.42747809612	0.706404035805	0.0	0.0	0.0	0.0	0.0	0.0	0.0	0.0	4.91980465999	3.50265169001	3.40824622532	1.70576636204	1.95488926887	2.81459744734	1.90396428792	0.720727080448	1.02868881527	1.18124955821	0.148794394351	0.162238589323	2.24345016095	0.868426325209	0.117750105962	0.0853725280707	0.551088093893	0.117131656193	0.0150852393581	0.0865844376174	0.337257773866	0.0827439590538	0.0169340786666	0.208150872152	0.196775176407	0.0148887844316	0.0257758103598	0.287962392303	0.0	0.0	0.0316202131741	0.0168121737123	0.501623662392	0.0	0.0	0.0	0.0
2.25508675856	0.0	3.98043843289	0.0	1.14351758182	0.0	0.0	0.162693065868	0.0	0.0	0.319274170764	1.43231462774	3.13224749803	0.462103893475	1.36591621718	0.872659978753	0.0	0.0	0.139094282116	0.0	0.228029356256	11.9505479002	0.0	1.66233466431	0.0	0.727907415737	0.0	0.11358643806	0.0	2.22888355439	0.119979299077	0.67880926793	1.8547246949	5.11121481268	0.292563226517	0.553662468032	0.343042554543	0.500808739628	1.4735910343	0.0	0.0	0.523167323184	0.0	0.321470491114	0.0	0.0	0.0	7.43398258201	1.50324983902	0.0	0.0	0.656401924368	1.67330566606	1.58984125279	4.19552306709	6.71488906766	0.0	0.0	5.2823836399	0.0	0.01314474409	0.0	0.0	0.0	0.0	0.0	0.0774048163073	0.0	4.2773020801	4.47655031177	6.40527361844	2.31915316874	2.12228993744	3.19114110739	1.70204227063	0.455770392468	0.710432252959	1.16132558465	0.248267939474	0.167761986674	2.0679649288	1.29756740632	0.0262434841727	0.236303717573	0.208955713224	0.176626768084	0.0260133581361	0.290493046188	0.084622887455	0.0586939053323	0.0	0.180808468748	0.292609866524	0.11692331859	0.16452368616	0.11395849812	0.0	0.0	0.0	0.0	0.0581554252467	0.272428523316	0.0	0.0	0.0	0.0
5.88745926496	0.0	5.24040905565	3.40260969725	0.788621867593	0.251010156028	0.0	0.0	0.0	0.159284433059	0.205996339292	0.424269854967	1.19179774877	0.0697215004531	0.82229582767	1.13231646631	0.00807826221934	0.0	0.0	0.579105229338	0.0	11.9670904733	0.204502619733	0.835626953741	0.0	0.495930943849	0.674497841225	0.0531786633282	0.980777760965	1.37874809368	0.18822578453	0.253981545151	0.906074662979	5.51004897619	0.043831253083	0.0435770211579	0.0	0.0	1.0973809766	0.0420295876139	0.0840264332374	0.376660218998	0.0	0.0791603956714	0.331111402421	0.0	0.0	8.68503764052	0.619892547318	0.281911746921	0.0	0.414650557803	0.511787269176	0.368987251259	3.97643982815	6.86477557695	0.0	0.189395294186	5.93328735146	0.648172638984	0.263686442291	0.0	0.0	0.0	0.0	0.0	0.0	0.0	4.84928137092	4.37974410929	5.04423531346	1.98085831624	1.65603851196	3.4648729789	2.12082497499	0.75992661605	1.26036332857	0.715610439109	0.116103525785	0.202786340238	2.53197235382	0.91781576952	0.130636261501	0.152789534973	0.613653379156	0.121590484167	0.089728461557	0.104214010288	0.307237569457	0.109416027756	0.0100752989308	0.314537107306	0.307343499426	0.0400996291826	0.120083924611	0.0	0.0298807041941	0.0	0.0199174021303	0.00840219392387	0.009955919066	0.0425431874625	0.0	0.0	0.0	0.0	0.0
4.23242547235	0.0	5.59484633258	1.51963655949	0.703536204213	0.290578503471	0.0	0.181826754805	0.0	0.27255437209	0.0554858990338	0.15969322083	2.9515446636	0.0718851693883	0.718667013766	1.0132955198	0.0566903157942	0.0	0.0	0.23747162994	0.0	13.2095963405	0.0	1.50208654841	0.0	0.564566036467	0.646460328175	0.042578486884	0.296530387229	1.51665575761	0.250244798005	0.0	1.40138728483	2.51333438692	0.226758023175	0.0753869635994	1.05324906502	0.625893875189	0.135534685577	0.0346700738907	0.191084520651	0.0	0.0381521040893	0.0	0.0	0.0	0.00176652471538	8.06626589304	0.417326303499	0.658590895835	0.0	0.0904430371058	1.17838874403	0.0	2.56535801976	7.70404446433	0.0	0.157034259152	6.59079056142	0.541659222004	0.20169552735	0.0	0.0	0.0	0.0	0.0	0.0	0.0	5.08146800844	4.29736591336	6.15518308638	2.38305390466	1.9235028145	2.84230259463	2.27966543938	0.850878537245	1.14032952	1.25790919424	0.150382534951	0.359260066837	2.73896812938	1.48519533775	0.121518436726	0.123371717897	0.489347228974	0.189238799486	0.0279097016221	0.250852838388	0.318629361182	0.159900580962	0.00885866239336	0.892819283727	1.17374474111	0.0172606788984	0.216417016646	0.285488460257	0.0348311019924	0.0	0.00852750178426	0.0277024494914	0.0276981294885	0.122747477503	0.0	0.0	0.0	0.0	0.0	0.0
0.0	0.0	6.19542802845	1.42797602997	0.655613076023	0.333983566843	0.110958709018	0.114414008365	0.0	0.0	0.0	0.0	1.60481759653	0.0	0.942015971865	1.33604544735	0.0	0.0	0.0	0.0199383852297	0.0	12.6816026019	0.0	1.36288124228	0.0	0.238749194852	0.666670033933	0.0	0.0	1.12991558634	0.0670778243156	0.876642144227	0.744494929216	3.30583857486	0.443648446106	0.0	0.950271630304	0.147666632076	0.0	0.0739512540158	0.0	0.0564973053164	0.0738086820428	0.0	0.0	0.0408687792717	0.0	9.97663731342	0.0	1.08344453512	0.0	0.249026802909	1.27294535928	0.0	4.42786256269	7.36362440754	0.0	0.0	7.26084832697	0.67948298151	0.150478831544	0.0	0.0	0.0	0.0	0.0	0.0	0.0	5.50173035963	4.47291225417	6.47981987467	2.06764240901	2.35870505397	3.10172521346	2.28012696883	0.765667085212	1.43438522875	0.994295631978	0.261930220469	0.245218343629	3.25446688458	1.44332322706	0.194242323269	0.0847928279657	0.567023342776	0.140522773427	0.0315479730343	0.362797711395	0.49978561549	0.139638783595	0.0174476267007	1.28216675754	1.59468059844	0.0343184255104	0.614077543878	0.669134523466	0.0102606149597	0.0	0.0	0.0	0.0	0.0	0.029487001424	0.0	0.0	0.0	0.0	0.0	0.0
2.06876903637	0.0	6.31906805658	1.17224745397	0.715904966532	0.0	0.0	0.0	0.0	0.0	0.0865817296703	0.431119499184	2.18642498157	0.0722830563305	1.08332789539	1.62102524493	0.0802743326083	0.138805635344	0.0	0.182606514941	0.0	14.4572932658	0.0	0.117055345475	0.174509418713	0.167611321926	0.22909029329	0.0	0.618942211697	0.95354335584	0.229017693323	0.356122634118	1.60066425441	3.81381922352	0.22013739746	0.105062271062	0.367957528606	0.135857636717	0.379148923393	0.0	0.054205554751	0.246295385275	0.0	0.0501773566274	0.0838386609479	0.0	0.0	8.8123708952	0.762018045052	0.0	0.0	0.0	1.18172944955	1.33132937986	2.70045474213	8.3044351318	0.0	0.0234358190836	6.74928885618	0.557989040089	0.0700606173657	0.0	0.0	0.0	0.0	0.0	0.0	0.0	4.93554370102	4.29094400128	6.18023712124	1.87879912485	1.72839619491	2.86756666429	2.04344704816	0.614445413791	1.27253440725	1.01289272819	0.284162867637	0.124804841866	2.49281883884	1.20445543897	0.146383531814	0.151841729272	0.664604290427	0.118695444712	0.0745933852544	0.178451816877	0.258639579526	0.0888765486013	0.018439291411	1.13057947338	2.22833496204	0.359772432418	1.29703139585	1.14716746565	0.0740761654953	0.0226826494344	0.0486579273352	0.0136036936634	0.00721634863862	0.0	0.00268138075102	0.0208080303076	0.0	0.00391395217688	0.0	0.0	0.0	0.0
0.0	0.0	6.72422354699	0.132103299313	0.382523700097	0.282218565804	0.255126800047	0.01870949107	1.20014291205	0.538003595749	0.0	1.22689390787	1.36723118589	0.0033314424783	0.61723871334	1.08997320931	0.229221624104	0.00419464494311	0.128492469878	0.350260445149	0.0	13.7321408496	0.125346730371	0.0	0.0	0.368721962258	0.0	0.277241326583	0.52880391719	1.17672191573	0.0784425777159	0.425673833339	1.96476629232	4.897818733	0.0	0.168863163556	0.107030845239	0.0	0.541587785187	0.0	0.0	0.0	0.0	0.0	0.0	0.141225277884	0.0	6.64727835903	0.15281478607	0.254005700223	0.0	0.0	0.922691795507	1.24881640444	3.72874471607	9.5050950115	0.0	0.0	7.0836858907	0.968479288336	0.191449440019	0.0	0.0	0.0	0.0	0.0	0.0	0.0	5.39435495525	4.78179045117	6.43539049222	1.6334535442	1.49370456609	3.65076722829	2.07197007552	0.915030576706	1.33343169119	1.864622108	0.0438131361389	0.270101807702	2.64266538616	1.50949986361	0.248684361056	0.164145664295	0.429461152746	0.0191234100052	0.0397428777762	0.138197198358	0.161635954688	0.123427540672	0.0	0.599740676081	1.81005451655	0.0405501806498	1.8359175125	1.16690951726	0.116950691685	0.0793405675752	0.0594836696849	0.0990982314812	0.0	0.0	0.0	0.039604238798	0.0	0.0	0.0	0.0	0.0	0.0	0.0
1.68770524507	0.0	10.2068154535	2.76823621784	0.552891243727	0.0	0.0	0.00904248609836	0.0	0.0	0.133563331912	0.139265250712	0.958556278416	0.00432864228969	0.660935381006	2.07292916406	0.128047333072	0.0	0.0	0.00252394186921	0.0	13.4124451794	0.0	0.0	0.0	0.532874607936	0.237506030052	0.0	1.04274106071	0.815144788575	0.420194791633	0.0856573579863	1.07757641339	5.33069487896	0.175422203108	0.0579961638034	0.0	0.219798833776	0.207898836279	0.0951299799941	0.0	0.0	0.0	0.0	0.536055407268	0.138402850893	0.0	7.64458079234	0.851464140937	0.0	0.0	0.316397693462	1.65537085187	0.0	3.50822006222	7.39244644537	0.0	0.0	5.44735405442	0.159910206371	0.201836277554	0.0	0.0	0.0	0.0	0.0	0.0	0.0	5.58844042475	4.2576903046	6.78800497248	1.65696125155	1.76566842868	3.79306960231	1.92802359454	0.40694519442	1.29404772786	1.17772455232	0.412611273228	0.336770489177	3.04210976024	0.945207001224	0.209223796	0.186438520792	0.434294468667	0.16238652585	0.0927265724996	0.297318497474	0.597234274402	0.0680911696805	0.0450302625302	0.860172139105	1.86331000815	0.0905099809657	0.866754377721	1.61471486043	0.110829576693	0.0886146053643	0.0221467633425	0.0221440753432	0.0	0.0646973463941	0.0	0.0	0.0221277233465	0.0	0.0	0.0	0.0	0.0	0.0	0.0
3.48650233715	0.0	7.8790613619	3.25801631506	1.08450065487	0.0590357257088	0.0	0.0	0.427180721308	0.0	0.0778294355261	0.351848134023	1.27364572316	0.212947390592	1.01120884778	1.25597252145	0.00259956525138	0.0	0.186712178055	0.420951030706	0.0	13.1651792731	0.0	0.0267981785914	0.0	0.469040445356	0.404151319081	0.0245958083784	0.195572508912	1.42422953772	0.211207190424	0.518656490154	1.56167145101	4.28698311455	0.408402379492	0.292236108259	0.393155288018	0.225196591776	0.691696796887	0.0706811678349	0.0464037934872	0.0	0.0221776081446	0.0	0.0801715867526	0.0	0.0	8.95240326569	0.523314350605	0.191532758521	0.0	0.0	1.06785123326	0.582987396375	3.01488549154	6.97536637452	0.0	0.0506588088987	5.84828166553	0.210741630378	0.247164923901	0.0	0.0	0.0	0.0	0.0	0.0	0.0	5.14568149758	4.49390873456	5.5408425358	2.10432010349	1.78084627221	3.85889387316	2.34373322664	0.677570665521	1.32669922829	1.28869732462	0.369577835739	0.28055981713	2.82361037304	1.16425041258	0.0776302165068	0.125953202179	0.465773615041	0.0680326735787	0.0514396389743	0.313992000363	0.319455550891	0.0743041741852	0.0168904506333	0.900736647102	1.30679992637	0.0617029779666	1.03773673035	0.963679913188	0.384585367189	0.0603990708406	0.161717705638	0.111865603817	0.0702035167887	0.0403689149037	0.0	0.0	0.00558490124006	0.00496611318023	0.0	0.00558270903985	0.0	0.0	0.0	0.0	0.0
7.44905541673	0.0	4.7393555744	1.37739341818	0.420270064524	0.417169264933	0.0	0.0	0.0	0.0	0.102379510486	0.200320773558	1.19728484196	0.0	1.08601287665	1.96254394095	0.195610294179	0.0	0.271327944185	0.0644936674868	0.0	10.6462647947	1.19478824229	0.572341484451	0.0	0.407624046193	0.698743527766	0.0	0.0733933043121	1.30805862734	0.226099590155	0.142452101197	1.28188423079	5.61154665927	0.118917944303	0.0593306081683	0.588654882298	0.152049759929	0.0	0.0	0.0712372225967	0.484153376092	0.070954502634	0.0	0.171412657373	0.0	0.0	8.34290649874	0.922548298224	0.0	0.0	0.408292086105	1.52333619892	2.05740332842	4.00949347074	7.61738779451	0.0	0.0	5.21979711098	1.11823155239	0.213401131831	0.0	0.0	0.0	0.0	0.0	0.0	0.0	5.3394172952	4.3848726212	5.2394621084	1.30965462713	1.50371680151	3.35465475719	2.45483007597	0.547911287676	1.30802442734	1.1931694425	0.194436094334	0.37879003	3.35571495704	1.71147037409	0.135592722102	0.102461134475	0.237414088661	0.113022777081	0.0303880639888	0.247255707362	0.320065217752	0.0907100160262	0.0302252720102	0.779144297153	1.92416014601	0.0148264960428	1.02160174515	1.0219414651	0.203143413185	0.130457022779	0.159303578972	0.0868263785389	0.0867795245451	0.0963571192809	0.0385115889165	0.0144431140935	0.0144418600937	0.0144404920938	0.014439238094	0.0	0.0	0.0	0.0	0.0	0.0	0.0
2.65040575987	0.0	6.44992634919	0.934537417932	0.755261566533	0.110370246643	0.0	0.0	0.444403827411	0.0	0.00639082783225	0.540346054918	1.55384594549	0.0166360197695	0.923561814785	0.29703473516	0.0	0.0662940690065	0.142274590791	0.353497451347	0.0	13.0036287282	0.0	0.0669336991899	0.0	0.765362019429	0.757758217249	0.0	0.348298299857	1.28296336783	0.195030855915	0.533578302976	1.29844237227	3.80114208979	0.265543126131	0.0	0.289920833121	0.580728316495	0.332745695398	0.176738950671	0.0	0.122271485055	0.0	0.0965803626896	0.296386134974	0.0	0.0	7.94577777806	0.656488038215	0.341965248041	0.0	0.373568407102	0.971751428601	1.31919987821	2.94214934351	8.4754334299	0.0	0.0	5.54189758886	0.679065994688	0.0188697804099	0.0	0.0	0.0	0.0	0.0	0.0	0.0	5.56544959561	4.57824331259	7.44120363339	1.97152606524	2.18017062506	3.16483540736	2.72358028085	0.798700528988	1.4523814164	1.23151235307	0.323330642699	0.341391397876	3.33436845596	1.83441152593	0.195299955992	0.165006647308	0.614933926302	0.0780514423774	0.104676825011	0.480508087762	0.509739946142	0.125070585858	0.0275880479095	1.08806706195	2.410182191	0.0944519420794	1.24083885575	1.20702884606	0.325235043245	0.127007186412	0.221140463401	0.18406100277	0.00591898269697	0.0415935569249	0.00590599919325	0.0264695575889	0.0	0.00918712263395	0.027558377901	0.0	0.0	0.0	0.0183666552657	0.0	0.0	0.0	0.0
0.0	0.0	6.27610098408	1.75845621195	0.797953837688	0.0	0.0363199606394	0.0397636538378	0.0	0.0985948143109	0.0618862535364	0.607121011278	1.51487932717	0.0340180558383	0.63186729989	1.45727370713	0.0	0.0	0.414333584188	0.0377547651386	0.0	13.0846885535	0.150590092405	0.0	0.100773179069	0.495769092528	0.442496073989	0.080278523937	0.117970881054	1.05983900882	0.127452724354	0.0	1.45254090548	3.95567097657	0.23554620197	0.130226285319	0.575504040275	0.259358690257	0.602312809605	0.10023087888	0.0137293007778	0.106340021006	0.0	0.0796777597278	0.309920787852	0.0	0.0	8.54434257343	0.947868809859	0.00470577363761	0.0	0.0	1.94162027569	0.276569616246	3.91486216237	7.80865871742	0.0	0.00510215737555	6.53541907433	0.0	0.208882432691	0.0	0.0	0.0	0.0	0.0	0.0	0.0	5.79559401687	5.58819754469	7.88415154369	2.29084999721	2.18085875894	3.67220167793	2.76759856312	0.719581890415	1.5778789491	1.38180408087	0.378570771742	0.245234525341	3.66816487652	1.39100288407	0.186937545054	0.240825363808	0.613845533619	0.152116652937	0.0580336601957	0.416807865049	0.56250043575	0.0858710018831	0.00179091302323	1.08187205649	1.97441348709	0.069695376254	1.01136723196	1.35856927278	0.238827843112	0.136655007557	0.235663362011	0.283408978627	0.0822363726182	0.0556824553775	0.081517172368	0.0193711947412	0.003373559574	0.00612091613007	0.0	0.0	0.0048709692951	0.0	0.0	0.0606638451111	0.0	0.0	0.0	0.0
0.0	0.0	7.48292440821	1.20800195648	0.591071304425	0.0	0.055960648514	0.0699207416337	0.0	0.0	0.0	0.629349035721	2.4900064348	0.251194394128	0.590801034345	0.498174447012	0.0	0.0	0.159922667193	0.0320174104483	0.0	13.4401449662	0.0	0.0	0.0	0.033764805964	0.204984060491	0.0	0.0	0.808725298654	0.0764780085687	0.340543810495	1.99982309015	3.59070765962	0.39244385581	0.070098113686	0.644068810064	0.0	0.646290640721	0.0	0.0680861810922	0.353093234198	0.0352687244079	0.0457885485122	0.371505529631	0.0	0.0	7.41576638839	0.43412628811	0.20938677179	0.0	0.592114944734	1.13821611589	1.79096632851	2.94840087007	7.63593705336	0.0	0.0619890752929	5.2094031373	0.314604902839	0.144667032691	0.0	0.0	0.0	0.0	0.0	0.0	0.0	6.86668522636	5.57791814604	7.48673860933	2.56653615739	2.46515562747	4.19489583792	2.75349051255	0.967737705579	1.67358019387	1.34685759746	0.265863858457	0.346465182242	4.30048836908	2.1656940391	0.254271495036	0.201566489483	0.800975216368	0.0514728781896	0.0602687067853	0.362621717009	0.530006646404	0.103812609635	0.025676359577	1.16902456498	2.04665820397	0.0374120480402	0.865455105396	1.20102875443	0.218649664523	0.11914464516	0.303200909475	0.240571960993	0.183618684186	0.0	0.0988997781853	0.019732289823	0.00566095307055	0.0131525588814	0.0	0.00565904596999	0.0	0.0047428069996	0.0	0.0	0.0218701144538	0.0	0.0	0.0	0.0
2.7714309226	0.0	6.61628437014	0.735990865669	0.172067620028	0.0348580300574	0.153754017897	0.0	0.0	0.0	0.0519905700517	0.895262564208	1.97895463035	0.0572138406597	0.588135668459	1.26614014738	0.0	0.0	0.289306533675	0.120351754009	0.0	13.6780895922	0.0	0.0907378805619	0.0	0.0775747430297	0.0524785001085	0.0	0.265078770855	0.740673106214	0.220209265632	0.365140422502	1.19006553852	3.12005016317	0.200951663391	0.133338835521	0.468448254528	0.0	0.614218391495	0.0320340537288	0.0651689295856	0.054621498358	0.0	0.299865174904	0.0	0.0	0.0	7.94036252426	0.508141099147	0.0124707134516	0.0	0.260473230319	1.33715255564	0.393220885771	3.4063653965	9.34784308809	0.0	0.152269577724	5.44249103351	0.041967412885	0.184225161444	0.0	0.0	0.0	0.0	0.0	0.0	0.0	6.72480898276	5.51153284154	7.08642002486	2.54408029613	2.24662586151	3.75617643721	2.97948854681	1.08604380642	1.64643059164	1.6503953921	0.354100341217	0.316568076849	3.96451726147	1.89386482045	0.148329557266	0.315736176752	0.727512564683	0.0910691066004	0.031227995635	0.446207611939	0.462491613834	0.12981063511	0.0115888403489	1.38765656152	2.56239389826	0.0742550486433	0.96167887194	1.32121075379	0.279827592572	0.104267054137	0.147567277177	0.203740003716	0.0297102794582	0.0229250426685	0.094570639008	0.0364452482422	0.00555625484675	0.0	0.0419796848864	0.00617332411857	0.0222019385843	0.0	0.0	0.00057877826737	0.0505293758816	0.094235990969	0.0	0.0	0.0	0.0
4.5404817098	0.0	7.39191274396	0.219902528907	0.825642413623	0.0914452133375	0.172799938431	0.0	0.15229028387	0.0	0.0	0.647587434023	1.80724150193	0.0231000471375	0.998286462019	1.33403789669	0.0	0.0	0.0372011932736	0.338799025348	0.0	11.8083250262	0.0867165092857	0.202132254955	0.0	0.366135711428	0.497243990587	0.0	0.0	1.09375423325	0.128265368527	0.233463771922	1.44959882239	3.05825308016	0.121215806958	0.164694846628	0.479161936566	0.0	0.411552071529	0.131153499168	0.0542333100615	0.0169497687697	0.0	0.0617606567356	0.018907081205	0.0	0.0	6.96256064848	0.882592256288	0.233105581842	0.0	0.471252004807	1.16088452818	0.801964978357	2.6730975945	6.59479106669	0.0	0.04109749214	5.39865040066	0.143449771903	0.175519089036	0.0	0.0	0.0	0.0	0.0	0.0	0.0	6.85450862444	5.57803104055	7.10414687996	2.80228402323	2.15744667982	4.65267493475	3.06165648092	0.918633794304	1.81626170393	1.6551475681	0.365173001214	0.382312575027	4.03375579711	1.66554817042	0.173513938589	0.300773756892	0.858657780965	0.122102357156	0.102410232776	0.4955018302	0.648209804161	0.16888364756	0.00965644754759	1.59454085462	2.90482634604	0.125884177997	1.08418306112	1.54832124435	0.274291491003	0.136269310306	0.22630235033	0.139069380929	0.0764077749931	0.0590529301333	0.157068134932	0.0126785008197	0.00393340307479	0.00844956117918	0.0120865946881	0.00903107860852	0.0256227286986	0.00755947668123	0.00451308790371	0.0388431556387	0.0890088067955	0.0315539280175	0.0	0.0	0.0	0.0	0.0
0.0	0.0	8.50462619957	0.358022324207	0.444836305828	0.0	0.225718752215	0.0	0.0	0.53060628767	0.0	1.63303165429	2.11207155288	0.0	2.09881155568	1.50487168142	0.0969936994664	0.0	0.0	0.0	0.0	9.56157397582	0.0	0.0	0.0113728055924	0.0676633056757	0.0	0.0	0.0	1.57349966689	0.231763150936	0.0	1.36985971	3.80542719439	0.0	0.143207969683	0.0	0.897221810058	0.508959492253	0.2135135548	0.0	0.0	0.0	0.724131446701	0.259904344979	0.0	0.0	8.97249410052	0.508421892367	0.03254639311	0.0	0.339711528083	1.20968374391	0.0	2.79668340794	7.12499849164	0.0	0.0	5.1076909187	0.0	0.41393271237	0.0	0.0	0.0	0.0	0.0	0.0	0.0	5.90014675094	5.92723074521	8.63947017102	2.90419138518	2.74034341987	2.89864738636	3.27657530635	1.25709573388	2.24769552416	1.63360765416	0.146800768922	0.248287147438	4.8252109785	1.41927569954	0.331899529736	0.341449127716	1.11025776496	0.150737968088	0.229784351354	0.708947849916	0.5956510739	0.203663956884	0.00997275388877	1.68551964318	3.01987136069	0.130780772314	1.08658296997	1.1587173547	0.344583527052	0.117766895069	0.141208770106	0.188090360182	0.102568418286	0.0390232717387	0.137518770887	0.0234310750397	0.0117142775201	0.0	0.0	0.0	0.0671156257916	0.0234127150435	0.0234093550442	0.00855227818949	0.0	0.0350929125708	0.0894526610629	0.169025964217	0.265766343737	0.0	0.0	0.0
0.0	0.0	7.78171764855	0.0	0.522970600952	0.0143668175975	0.0	0.0	0.0	0.558628099881	0.0	0.0	5.11175517999	0.00692283523348	1.65888621538	1.18630244705	0.0	0.0	0.00279608080014	0.233632908501	0.0	12.3155040838	0.346783666834	0.0	0.0	0.0	0.492426563304	0.0	0.0	0.318319619708	0.0	0.349704607566	2.19076604857	3.43838526098	0.492511263324	0.33941718499	0.0	0.0	0.0	0.330895152856	0.16517714136	0.146451176671	0.0	0.0	0.32767534205	0.0	0.0	5.21649280621	0.570874512947	0.689737682711	0.0	0.567001301977	1.7707870434	0.965197881685	3.69132372431	7.96768259511	0.0	0.309720147554	5.07302307028	0.0	0.271129607891	0.0167205101868	0.0	0.0	0.0	0.0	0.0	0.0	6.25420116605	7.09570797676	7.05370886625	2.38216389649	1.98689309752	2.63465465972	3.40874025355	0.0465059986452	2.31919548073	1.96068449096	0.684791201472	0.385778346599	4.31219907978	2.07056461847	0.171934993053	0.499952765188	1.15202555847	0.272599758259	0.0550590067867	0.682173970817	0.486089791716	0.075055592794	0.0782359575903	1.59786590011	2.65291356429	0.0484966911436	1.1042378065	1.01580493436	0.399637690069	0.122952970787	0.279776270057	0.253894363575	0.248928522332	0.117435369406	0.147093686832	0.0	0.0	0.0252519803231	0.0917700529792	0.0	0.0	0.0710362137875	0.0	0.0503990536199	0.075567059922	0.0251807113053	0.0	0.141677725476	1.01947607528	0.0	0.0	0.0	0.0
0.0	0.0	7.91679847249	3.56070369288	0.516124586494	0.11564463753	0.2583935232	0.39523846371	0.0	0.0	0.0	0.104284243148	2.88287178942	0.0	0.33864633177	0.690329581684	0.123207782453	0.0	0.833961381227	0.209914390104	0.0	11.3940541773	0.0	0.54669168214	0.0	0.899286271923	1.088364285	0.0	0.543703902565	0.823889062662	0.375755066485	0.293746678165	0.935489766767	5.59200340358	0.624403231073	0.177958934654	0.169730035827	0.826146062341	0.462000514202	0.0	0.173376615307	0.0	0.0	0.185386293597	0.177406274734	0.0	0.0	5.70170578797	1.10013728332	0.463545033982	0.0	1.49731798676	1.11943646057	0.792433807141	2.56834363422	5.54509441027	0.0	0.238159826082	5.16605266425	0.543090242653	0.250385444341	0.0	0.0	0.0	0.0	0.0	0.0	0.0	5.69816778847	5.28473424735	7.08684479069	2.75606500748	1.42260519739	4.2318865973	3.13167855399	0.894925992544	2.0108891136	1.82006894079	0.470495372992	0.407843501915	4.79170791757	0.165946816366	0.525361205179	0.651115127268	1.4358421955	0.256397603484	0.191776652687	0.507191747766	0.773221249878	0.16093383708	0.00689820841756	1.46778179095	3.45028150861	0.117493181267	0.946445365207	1.15418083562	0.303234616813	0.113687391809	0.479163471758	0.230422587183	0.182200874051	0.0654919086726	0.0746763113646	0.0607130473532	0.0778355009147	0.07779804692	0.060602515369	0.0	0.065103460728	0.0563045779811	0.0129388301573	0.0517449506305	0.000297731197598	0.0	0.00872120535793	0.0216421869177	0.017426721518	0.0	0.0	0.0	0.0	0.0
0.0	0.0	9.79982917019	0.0	0.501453829644	0.499876969488	0.0	0.0	0.619964341377	0.902474459345	0.0	0.0	2.05193540315	0.236724593435	2.29659472737	2.04931550288	0.228884572659	0.0	0.0	0.0	0.0371772456805	10.2604519158	1.22965695174	0.0	0.0	0.758763705117	0.36756831639	0.0	0.0	1.23500622226	0.0	0.553549254801	1.90522098862	4.83193247836	0.127642032637	0.0	0.0	0.0	0.940247763084	0.0	0.0	0.570315386461	0.0	0.0	0.283345288051	0.0	0.28756910847	7.07328790025	1.49497904801	1.47561884609	0.0	0.0	1.70502616879	1.22258076104	4.30571382627	8.74619876587	0.0	0.0	5.48821134333	0.0	0.282613437979	0.0	0.0	0.0	0.0	0.0	0.0	0.0	6.49657774317	4.87605258273	5.66900906124	2.7869219759	1.53564285203	2.89757278686	3.20335081713	1.22100882088	1.64369836273	1.50645494914	0.210314030821	0.479658227487	4.71010096631	0.216022461386	0.265517666286	0.624969211871	1.17011756584	0.105645940459	0.0761774745416	0.320934091772	0.371172216746	0.190987038908	0.0344054404061	1.66491586483	2.61771085915	0.172486607076	0.563558995793	0.473946106921	0.414882731073	0.26020037576	0.253071295054	0.303848160081	0.107835709676	0.0	0.14525317438	0.0362604035898	0.0	0.0644914893847	0.151504034999	0.0214594431245	0.20182210998	0.0506035580098	0.0213958521182	0.0573526916779	0.0786816317895	0.0	0.0504277909923	0.093050124212	0.213198381107	0.0	0.0	0.0	0.0	0.0	0.0
0.0	0.0	8.17334742737	0.0	1.36585983746	0.459143425362	0.0	0.0	2.67745728138	0.0	0.435854988133	1.28924024657	1.68568059941	0.420310349983	0.367116836314	1.59928980968	0.0	0.0	0.404764471833	0.375287195341	0.0	12.1142033584	0.0	0.0	0.0	0.0	1.53549181727	0.333412400324	0.0	1.28041144763	0.0	0.61319108703	0.283591686252	6.40810843744	0.0	0.0	1.37922703587	0.0	0.760871349456	0.0	0.0	0.232832292293	0.287166605827	1.36943103704	0.0	0.169379019844	0.0	5.45993015026	0.405835831706	0.66521032084	0.0	1.18000369958	1.54811501577	0.0	4.53394786046	4.99993980501	0.0	0.117612498004	6.23757125772	0.352704318028	0.976263043824	0.0	0.0	0.0	0.0	0.0	0.0	0.0	5.50468174495	4.65435184613	7.14933074922	1.69047939883	2.85664966005	6.55759041964	1.57461381262	0.44387034718	2.14136814518	1.60960660846	0.452402786164	0.254850969673	3.92507073292	0.105845271404	0.413966510739	0.74756119104	0.824382901899	0.2218446536	0.0	0.415352830574	0.895691573413	0.045454054591	0.0454406625926	0.694127117399	2.63736808616	0.0	1.05138223489	1.48308942351	0.576229171429	0.07436948715	0.329195160826	0.339226759632	0.253928409782	0.0312333642832	0.242257531171	0.0	0.0842933299691	0.0731298592976	0.188028617624	0.0840159420021	0.301818444083	0.103001455743	0.0	0.114085318424	0.155637341479	0.0	0.0303595363873	0.0	0.083353162081	0.0416595310425	0.0	0.0	0.0	0.0	0.0	0.0
0.0	0.0	9.22904988003	0.0	0.453784994101	0.0	0.0	0.0	0.0	0.0	0.0	0.45926124403	0.437844994308	1.35682498236	1.75134997724	1.29757498314	0.0	0.0	0.0	0.866304988737	1.11048373556	9.80456237254	0.0	0.0	0.0	0.0	1.79652497665	0.0	1.72976247751	0.0	0.0	0.30542124603	1.1997237344	3.64361245264	0.311143745955	0.929539987916	1.17537748472	0.498327493521	0.849466238957	0.0	0.0	0.300446246094	0.0	0.0	1.48721248066	0.0	0.070846249079	8.45807489005	1.09043373582	0.248299996773	0.0	0.0	0.32080874583	1.4542749811	4.99056243512	9.18952488054	0.0	0.564052492668	7.62822490084	0.147938748076	0.307126246007	0.0	0.0	0.0	0.0	0.0	0.817106239377	0.0	4.43578744234	5.07081243408	7.34116240456	2.03282497357	2.76853746401	0.0	1.48364998071	1.1003499857	1.6234874789	0.248668746768	0.569853742592	0.0	5.15457493299	3.16822495881	0.367429995224	0.338526245599	1.28103748335	0.434729994349	0.415583744598	0.741461240361	0.390409994925	0.163939997869	0.0	1.8234124763	2.17192497176	0.0791744989707	0.877044988599	1.4078624817	0.251214996734	0.100844998689	0.381636245039	0.290569996223	0.303903746049	0.0	0.21309874723	0.0	0.0377994995086	0.0	0.273777496441	0.0753402490206	0.357057495359	0.3230562458	0.0748279990273	0.0	0.298859996115	0.0373153745149	0.111889748545	0.0372778745154	0.0372684995155	0.0229128747021	0.0	0.0	0.0	0.0	0.0	0.0	0.0
10.496815479	0.0	5.17600808791	1.78838227423	1.54646210186	0.0272730974321	0.437531531742	0.0	0.293296708974	0.0	0.426641343983	0.637628494311	1.28710351707	0.0	0.0	0.0304998337311	0.0	0.0207252507667	0.0411077812893	0.030534861756	0.906067905574	12.9289952119	0.0	0.232405905589	1.11787783649	0.0	0.609968954603	0.0	0.0	0.478282480776	0.334169878096	0.305149537419	1.61640475169	5.33639360218	1.04443364416	0.148595685874	0.503221678546	0.0	0.513549905904	0.0	0.0	0.0	0.144612823036	0.0	0.377302228827	0.284844622952	0.0	6.18065720371	0.37828880953	0.0	0.0	0.915541852323	0.998782551633	1.76072525452	3.12194202438	7.44243470274	0.0	0.276803297223	4.91894270474	1.14052635262	0.160943694673	0.0	0.0	0.0	0.0	0.0	0.0	0.0	5.84336756341	4.76820879735	6.50601463554	2.21398537747	1.57096911932	3.46326366757	2.41456492038	0.427149124344	2.19774396589	1.64581317264	0.960177384126	0.148210125599	5.00907056896	0.0	0.462659729645	0.479029661309	1.04644586559	0.242246512601	0.00499684856026	0.566437183587	1.14042429255	0.196330819885	0.0162443095741	0.801228270876	1.77651306577	0.0796381047422	0.668508596313	0.877016064874	0.26241408697	0.193310597734	0.284714842859	0.125307341281	0.192415997097	0.0767752567024	0.40704581002	0.186289872731	0.076391586429	0.219081396095	0.194634858677	0.0281377100481	0.464533350981	0.392272299494	0.013830147854	0.164806857424	0.390454118199	0.150397487158	0.0	0.0	0.0	0.0	0.0	0.121114310294	0.0	0.111938857756	0.0	0.0	0.0	0.0
0.0	0.0	5.3593011654	0.0	1.44670854651	0.0	0.0	0.0	0.0	0.0	0.0	0.613840846742	2.77511653196	0.0	1.36885750634	0.0	0.0	0.0	0.667953034664	0.0	0.632982296619	14.59294253	0.0	0.560099499011	0.0	0.0	0.973198962171	0.0	0.0	1.49700057245	0.0	0.536474946821	0.0	3.07317298576	1.33760279021	0.969063840037	0.68899313552	0.0	1.87274296633	0.0	0.0	0.0	0.0	0.0	0.0	0.0	0.0	6.65928653619	0.435455284695	0.727300165286	0.0	0.449722472057	2.33377860423	0.0	3.84845758581	8.05335355553	0.0	0.962950056882	5.86034182393	0.771362838023	0.435455284695	0.0	0.0	0.0	0.0	0.0	0.0	0.0	7.39314371486	6.6422558274	9.87863659737	2.99275654426	2.78184753543	0.359678155594	3.11145080551	1.16202773961	2.20470843763	2.1095091885	0.467786961377	0.727975805636	4.15268624278	0.133106228683	0.0	0.182063483944	1.30962467577	0.139067611759	0.262299585346	0.0	1.22172666041	0.410104801614	0.0682437392138	1.42819193694	2.31978319701	0.0662300261747	0.649549455167	1.00326876769	0.685579373758	0.236711612144	0.127294705684	0.29930232444	0.316983273563	0.0261110864733	0.0446359510322	0.315671362886	0.18909039757	0.251756039906	0.213357570092	0.062719109363	0.419143396278	0.16815824677	0.0	0.292336370846	0.291466420397	0.124137484055	0.124036646003	0.0	0.0	0.0	0.0	0.0457278975956	0.0	0.084540641623	0.0	0.0	0.0	0.0	0.0
5.67400912338	0.165278706117	0.261593578026	0.968990638605	0.0	0.0	0.0	0.0	0.0	0.0	0.0	0.0	2.91823335487	0.749090497076	2.9629949511	0.523582676019	0.0	0.0	0.0	0.719841219533	0.0	8.97785524586	1.19307509978	3.57288929988	1.08253814907	0.595774669955	2.94719975244	0.0	1.62201586376	2.16019181855	0.997442476215	0.559606992993	0.423672284412	5.26099155808	0.0	0.0	0.0	0.62238202772	0.0	0.0	0.502037717829	0.500522197956	0.0	0.366847969185	0.856364728065	0.356849890025	0.0	2.12588782143	1.38462708369	0.458984921445	0.0	0.769214655386	1.6499710614	0.0	3.36716771716	5.45903314144	0.0	0.0	4.59960281363	0.823385530835	0.0	2.25672941043	0.0	0.0	0.0	0.0	0.0	0.0	7.24733379122	4.07106525804	9.77957037852	1.58860786656	2.70639337266	0.0	3.34494691903	1.19106805995	1.43161587974	1.87178224276	0.931558321748	0.113757942444	5.53046993544	0.0	0.403395806115	0.788014013807	1.82433264676	0.508108757318	0.181102064787	0.360328929732	0.811000251876	0.669195463788	0.0	1.82149104699	2.52577258784	0.143160307974	2.29191660748	0.221607661385	0.377840608261	0.205647342725	0.0849296568659	0.289410535689	0.40867836567	0.0	0.0834429369908	0.203462382909	0.0	0.109178614829	0.244154859491	0.0	0.620922827843	0.483349719398	0.0669450183766	0.413914845231	0.731966658515	0.13273854885	0.265158377727	0.198591983318	0.0	0.0	0.0661443784439	0.0	0.0	0.219449581567	0.0	0.0	0.0	0.0	0.0	0.0
0.0	0.0	3.28347482332	7.69417714565	0.0	0.868832828022	0.863676699398	0.858581200759	0.0	0.0	0.0	0.843649454745	1.42797801873	0.0	0.0	0.576776906001	0.0	0.0	0.0	1.61700166826	0.144099411526	14.71889607	0.0	0.753610058786	0.0	0.0	1.96221847609	0.0	0.0	2.32260567986	0.0	0.0	1.89411939427	0.0	1.19777758019	0.0	0.0	0.0	0.0	0.0	0.0	0.592787091726	0.0	0.590382532368	1.17362749664	0.0	0.478177072326	10.6847446472	1.04697662046	0.0	0.0	0.763933926029	2.5048697312	2.78768925568	6.51658806007	4.60287357103	0.0	0.0	3.88457596281	0.0	0.26678095877	0.0	0.0	0.0	0.0	0.0	0.0	0.0	3.40310939138	8.57220251122	7.09339850606	2.24992709927	1.70633414441	2.63868139547	2.82745994507	0.879495965175	2.05798805051	1.97256427333	0.784061790655	0.0	3.16509155492	1.01329085945	0.47419097339	0.189244239472	0.948242626819	0.0937385989718	0.561166620169	0.562350839852	0.239036936177	0.36842777163	0.0	1.23569841007	2.79092715482	0.0	1.17981304499	0.841224255393	0.510628303662	0.254644642009	0.507955424376	0.42194598734	0.0842426535072	0.588336592914	0.167659965234	0.0	0.0	0.0	0.250840433026	0.0	0.118480663366	0.332827651134	0.0	0.166128735643	0.24883835356	0.0828517758786	0.165562425794	0.0	0.165374085845	0.0	0.0	0.0	0.0	0.0	0.0	0.0	0.0	0.164533006069	0.0	0.0	0.0
3.54853246485	3.29746343196	10.0100403113	0.0	1.17446955385	0.0	0.0	0.0	1.16464025257	0.0	0.0	0.0	0.0	0.0	2.30044130135	3.3809104429	0.0	0.0	1.10895994527	0.0	0.0	4.81739763108	1.01217753259	0.0	2.82045436949	0.0	0.828104008481	0.0	0.810479906172	1.86812624472	0.0	0.768682300698	4.50439659007	5.81917776231	0.0	0.0	0.0	0.0	0.403427752849	0.0	0.0	0.0	0.0	0.0	0.793014403884	0.788521603297	3.11015940743	1.72452822591	0.726757295206	0.505027966158	0.0	2.59324033972	1.16244715228	0.0	4.67074461187	5.59128773246	1.72957222658	0.0	8.1962020737	1.00482863163	0.545006871396	0.0	0.0	0.0	0.0	0.0	0.0	0.0	4.75350262271	3.44653445149	4.41935057893	2.20034128825	3.96674251965	4.09003453579	3.67450248136	0.805127805472	0.0	2.58220333827	0.528308369208	0.522233468412	4.78234962648	0.10053252317	0.136432417872	0.412560254045	0.853905111861	0.291242938152	0.11282831478	0.19320732531	1.45148919015	0.0	0.0	2.11573727716	1.94353925461	0.213456127963	0.0	0.337026344151	0.512263767106	0.101846823342	0.0	0.305094439967	0.203024926597	0.506270766322	0.352084246123	0.100668243188	0.100595443178	0.100522773168	0.0	0.0	0.249181432643	0.200249426233	0.0	0.0	0.0	0.0998735530835	0.299191139194	0.0	0.0	0.099587683046	0.0	0.0	0.0	0.0	0.0	0.0	0.0	0.0	0.0571368274849	0.0	0.0	0.0
3.0316940244	0.0	0.0	0.0	0.671152371813	1.33431374278	0.0	0.0	0.0	1.95116660877	0.0	0.642920558792	1.47999885837	0.628498767249	0.0	1.42031525197	0.0	0.0	0.0	0.0	3.60277548549	11.8298383658	0.28280676026	0.0	0.0	0.786503124156	1.78266129075	1.00073792708	0.0	0.991881016131	0.0	0.737929628959	0.728302437928	1.94028050761	0.891903115433	0.444183057528	0.0	1.30836001999	0.627104927101	0.0	0.0	0.0	0.0	0.0	1.69394808125	0.0	0.0	6.52233349789	0.0	2.48704836611	0.0	1.5532802662	3.28589955159	0.0	3.32293325556	3.46662717093	0.0	0.224313944002	5.41294677919	1.52485326316	0.174528698674	1.29505565857	0.0	0.0	0.0	0.0	0.0	0.0	5.72481851256	7.30876588204	7.41297639319	2.05207591957	0.991992366143	3.47121217142	5.35267367273	0.669873811677	1.1944070378	1.52204986286	0.0	0.926007659083	6.12725055562	0.155741986665	1.07302766481	0.812633696951	2.76334049568	0.419562914894	0.183774679664	0.637980548264	1.0645074239	0.323765224643	0.0599263494121	0.809746456643	2.45087926225	0.252776317048	1.37276224689	2.65364108394	0.567731790747	0.054915336876	0.329116575215	0.399864442786	0.436543136711	0.0164052627554	0.0871341353234	0.163041307445	0.217143003234	0.216863973204	0.178285779076	0.162202907356	0.177641259008	0.208147232271	0.161321277262	0.0	0.298732431964	0.0	0.190738640408	0.0534148627154	0.0	0.106778897425	0.0	0.0533640347099	0.0	0.0533471357082	0.0	0.0	0.0	0.0	0.0	0.0	0.0	0.0	0.0
0.0	0.0	13.7528169833	0.0	0.0	0.0	2.18853375649	0.0	0.0	0.0	0.0	0.0	0.0	0.0	2.14910535366	2.11106295094	0.0	0.0	0.0	0.0	0.0	15.4112651019	0.0	0.0	0.0	0.0	1.79358972824	0.0	0.0	5.22441517355	0.0	0.0	1.69183092096	0.258164298459	0.0	1.60098851447	1.57978931295	0.0	0.0	0.0	0.0	1.53901451004	0.0	0.0	0.0	0.0	0.0	6.60954407259	1.41151570093	0.585352721853	0.0	1.33265889529	0.0	4.89011194964	2.43419897404	8.40652620106	0.0	0.0	1.51401370825	6.39190245702	0.0	1.13764736134	0.0	0.0	0.0	0.0	0.0	0.0	5.43231518841	4.75347873987	4.47068191965	2.44943177514	2.18634255633	3.82450227345	2.5090825794	0.681869808754	2.75256979681	1.56350051179	1.1803506844	0.0	4.01763148726	0.0	0.0	0.24070993721	0.52055391722	0.712072730914	0.472364673774	0.0	0.601842163032	0.23272525664	0.0	0.16154425155	2.17635015561	0.225254056105	1.02399931322	0.0	0.961855028772	0.210170415027	0.419233349975	0.626101124766	0.415582229715	0.207249254818	0.00794356256797	0.205818374715	0.0	0.0	0.0	0.0	0.0	0.20546461469	0.0	0.0	0.205110854665	0.0	0.409165709255	0.0	0.20405749459	0.0	0.0	0.0	0.0	0.0	0.0	0.0	0.0	0.0	1.01508535258	0.703940210332	0.0	0.0	0.0	0.0
